0.000000	0.000000
0.281711	-0.645695
-0.692691	-0.756812
-0.078756	-0.735037
-0.450087	-1.157631
-0.991769	-1.720029
-1.721814	-0.971238
-2.310068	-1.809492
-3.139371	-1.829266
-4.136704	-2.797392
-4.170095	-3.504345
-4.868883	-2.513350
-5.437586	-1.516685
-4.653939	-1.457314
-3.668496	-1.911479
-3.624579	-2.417849
-4.584258	-2.657150
-4.252759	-2.167500
-3.314416	-1.849951
-4.196791	-2.592831
-4.922007	-1.596234
-4.786275	-1.589194
-5.587155	-2.062241
-5.035986	-2.013164
-5.926205	-1.140770
-6.128856	-0.235837
-5.166403	0.303490
-6.120167	1.249523
-6.726415	1.606478
-6.459080	2.493243
-5.464738	2.183848
-4.617127	1.802398
-5.614470	2.426183
-6.233686	2.702616
-5.690626	3.686845
-4.841930	2.703977
-5.808228	3.616605
-5.617000	3.989081
-4.825124	3.288525
-3.916481	3.471440
-2.956511	2.497028
-2.703662	1.966861
-1.988856	2.813639
-1.762080	3.806070
-1.567438	3.847916
-2.504254	2.893268
-3.441407	3.093844
-4.080781	3.510104
-4.971610	3.536040
-5.960493	2.541283
-5.809183	1.892086
-6.805747	0.975865
-5.902336	1.938199
-5.932908	1.046965
-5.064733	0.125980
-5.347605	-0.593590
-6.157452	-0.077388
-5.950151	0.069621
-6.842854	0.049671
-7.110221	1.013015
-6.110461	2.009257
-5.110933	1.639893
-5.225900	2.388786
-5.917097	3.325942
-6.598989	4.143351
-5.631064	3.579986
-5.538566	3.249436
-5.723692	2.310237
-5.149003	2.465234
-6.141784	1.469550
-5.614144	0.551244
-6.266160	0.929648
-5.453077	1.410324
-4.593122	2.296420
-5.460256	1.604227
-6.438215	2.083187
-5.686112	1.844445
-4.693441	1.173098
-3.871121	0.539258
-2.983372	1.528760
-2.910825	1.306237
-2.233972	1.141747
-3.227652	1.943176
-3.043444	2.691868
-2.576800	1.693982
-1.892864	1.764252
-2.834956	0.770015
-3.784899	1.045781
-3.401001	1.799273
-3.199829	1.189792
-2.203772	2.105753
-1.215905	1.382581
-0.607563	1.417367
-1.604946	0.418550
-2.355894	0.941852
-1.374591	1.642915
-2.088926	1.050834
-1.270222	0.435634
-0.313724	1.134552
-0.375755	2.116660
0.275204	2.754025
0.394046	3.250878
0.945129	2.344795
1.642298	3.173996
2.603195	2.346858
3.551714	2.537426
4.534852	2.371858
5.350677	1.480322
6.342038	2.116088
5.473584	1.559928
5.798645	0.906275
6.781187	1.809296
5.784287	1.092793
6.678507	0.726704
7.678198	1.591435
7.862491	0.816355
7.698345	0.882537
7.535092	0.201957
7.172884	1.006810
7.327694	0.010863
7.659887	0.898915
7.761391	-0.089138
8.361821	-0.959449
7.550740	-0.245434
8.484208	0.664664
8.299453	-0.101523
8.580732	-1.032779
9.548682	-0.098259
8.627259	0.559600
9.300581	0.194092
8.353456	-0.603954
7.482015	0.277655
6.933556	-0.662171
7.879369	0.151916
8.433029	1.136595
9.296048	0.337746
8.341434	-0.469540
7.459425	-1.054089
6.466179	-0.920378
6.315499	-1.384931
6.604480	-1.054200
5.679479	-1.062235
6.331334	-0.926757
5.982943	-1.878797
5.147621	-0.990077
5.084443	-0.737412
5.517423	-1.638101
5.751338	-1.505766
5.053283	-0.510238
5.521186	0.467507
4.557382	-0.058841
5.212254	-0.091394
5.289137	0.883772
4.459180	1.865157
4.109303	2.769691
4.735280	2.705458
4.838528	3.664661
3.840109	3.094586
3.990269	2.178303
3.196151	2.921603
4.194094	2.167467
3.359034	1.240160
2.394472	0.556958
2.146178	0.050473
2.895304	0.723161
3.571414	1.161885
4.554618	1.133434
3.670754	0.167171
3.477114	0.272006
4.375925	-0.252649
3.857046	-0.679190
4.672903	-0.074823
4.826334	-0.698025
5.825436	-0.701334
4.941167	-1.342191
4.274671	-0.819484
3.287241	-1.808708
3.452854	-1.700626
2.670099	-1.785064
3.582039	-0.800342
2.901556	-0.405848
2.626015	-1.250497
3.555766	-0.529730
2.601737	0.311126
3.215533	0.162327
4.117474	0.277392
3.159606	0.446609
2.298650	-0.455851
1.633323	-1.000545
1.199564	-0.651085
1.494279	-0.373924
0.512851	-1.270915
0.927704	-2.207021
0.585194	-1.236625
0.856614	-1.952866
-0.141012	-2.806691
-0.499716	-1.866655
-1.499565	-2.866603
-1.940687	-3.182853
-1.105387	-2.980255
-2.090559	-2.845106
-1.141114	-3.292396
-0.187447	-3.505079
-0.976388	-4.417214
-0.272787	-3.439824
-0.338079	-2.558050
-0.812134	-1.591241
0.187311	-0.794628
1.002482	-1.745027
0.375450	-1.117670
-0.088209	-1.937988
0.852821	-1.823000
1.819013	-1.468373
1.944110	-0.715001
1.169242	-1.474961
1.660567	-2.230654
2.407281	-3.211841
2.655027	-3.621508
2.257702	-3.009394
1.510114	-2.646052
1.079044	-1.856696
1.198095	-1.808503
0.278077	-2.796876
0.843474	-2.583427
-0.143167	-2.660175
-1.037861	-3.609887
-1.671039	-3.727531
-1.250786	-3.142942
-0.280551	-3.673408
-0.187439	-2.872453
-1.141555	-3.442742
-0.928402	-2.584523
-1.646550	-2.548979
-1.763200	-3.484502
-2.575226	-4.149512
-1.906190	-3.668387
-1.839768	-4.244182
-0.987322	-5.188198
-1.432108	-4.189486
-1.552908	-3.378274
-1.526853	-4.212456
-0.573335	-3.559327
-1.219131	-4.551193
-2.215320	-3.654019
-2.849371	-2.670280
-3.303523	-3.597948
-2.594973	-4.231567
-1.990493	-3.231725
-1.194816	-2.724298
-0.253159	-1.768064
-0.559259	-1.293376
-1.275836	-1.535567
-0.282905	-1.315616
-0.831616	-2.152131
-1.100785	-2.797815
-0.742605	-2.553830
-1.702343	-3.552017
-2.596058	-4.466190
-3.578465	-3.941309
-2.937316	-4.582585
-3.606536	-5.502324
-3.914908	-4.503583
-4.193992	-5.324259
-5.193467	-5.919275
-5.269401	-5.552362
-4.465259	-5.929867
-5.458197	-4.943011
-4.651186	-4.942963
-4.710599	-4.592328
-4.162616	-4.266414
-3.221091	-4.478426
-2.383781	-4.537332
-2.536588	-4.424360
-2.995059	-3.424953
-3.900083	-3.206998
-3.285615	-3.594828
-3.468247	-4.422638
-3.034657	-4.521654
-3.393464	-5.408239
-4.252144	-5.695133
-3.496542	-5.596833
-4.491926	-6.336881
-4.428112	-7.002142
-3.755523	-7.006551
-2.823049	-6.038421
-1.876221	-5.384116
-1.915721	-6.171171
-2.632096	-6.284823
-3.156115	-6.601590
-3.076749	-7.149507
-3.933408	-6.474361
-3.374849	-7.410829
-3.229805	-7.267153
-3.671560	-7.757551
-4.001943	-6.760794
-3.307772	-7.690378
-3.325677	-7.040511
-4.261524	-7.086446
-3.261733	-7.541964
-2.263001	-7.161750
-1.599045	-7.435421
-1.148385	-6.742447
-0.770446	-7.696385
0.024604	-6.889338
0.006984	-6.048657
0.943141	-5.201221
0.775038	-5.781350
1.382421	-6.090655
2.271845	-6.284626
2.948925	-6.973093
3.221205	-7.971310
2.313876	-8.226317
3.007962	-8.939516
3.962167	-8.205593
3.013277	-7.858783
3.362451	-6.939679
4.359491	-6.205678
3.438505	-7.099710
3.934949	-7.348582
4.921015	-7.860244
5.654728	-7.669296
6.544469	-8.278350
7.454781	-8.707919
6.512162	-9.492160
5.542955	-9.024534
4.553034	-8.024897
5.072600	-8.569577
5.353575	-7.602498
5.552967	-8.434207
4.670359	-7.441442
5.479556	-8.104347
4.519793	-8.627929
5.514847	-8.743227
5.428434	-7.928767
4.437663	-8.896769
5.352908	-8.323030
5.291422	-7.546778
6.290463	-8.429917
7.193210	-8.804742
6.209553	-8.999369
7.204315	-8.960437
7.425306	-8.163589
8.284520	-8.649706
7.360157	-9.593678
6.470654	-10.364958
7.368171	-9.472597
6.380339	-9.301394
6.463048	-9.048512
5.504122	-9.217028
4.736799	-9.368091
4.326322	-10.264154
3.603354	-9.798386
4.019062	-9.139825
4.845520	-9.782046
5.790030	-10.484649
4.913175	-10.907954
4.229486	-9.946536
5.114176	-10.223782
5.341136	-10.317180
5.396510	-9.347184
4.690760	-8.475462
3.715447	-9.285062
3.083439	-10.275298
2.720269	-9.711440
2.690808	-10.193487
3.592380	-9.756324
2.771490	-9.446220
3.363743	-8.937027
3.874951	-9.269509
3.542258	-10.249198
2.637556	-11.236046
2.404521	-10.284537
3.308828	-11.253505
3.277070	-12.231099
2.940467	-12.318154
3.837551	-13.221192
4.401579	-12.988339
3.418335	-13.947324
3.513343	-14.797232
4.288175	-14.921527
4.340146	-15.156257
3.502076	-14.366157
2.650726	-13.367769
2.775972	-12.367891
3.054385	-11.919706
4.037093	-12.907254
4.334882	-13.906056
5.322937	-14.896457
4.343033	-15.879120
3.403919	-16.734703
3.133677	-16.011501
2.138684	-16.777697
2.641937	-16.498046
2.089319	-16.079169
2.832904	-16.375594
3.785970	-17.152925
2.788017	-16.886706
3.787806	-17.355775
3.576731	-18.350266
4.059567	-18.825136
4.598988	-17.875165
4.268480	-18.640862
5.202028	-19.522461
4.532586	-19.357425
3.753780	-20.285084
3.384415	-19.704769
3.797398	-20.592483
4.765367	-20.491027
5.455643	-21.159020
6.316503	-22.158586
6.829214	-21.412989
6.033672	-22.302586
5.192831	-21.680459
4.372168	-20.744312
4.908800	-21.738874
5.043915	-21.735565
6.021250	-22.190565
5.380585	-22.738527
4.559147	-22.700442
3.824548	-22.771550
4.233034	-23.704817
5.086629	-23.709749
4.092789	-23.419811
5.088117	-22.777214
4.569592	-22.187635
5.189317	-23.071220
5.287985	-23.320086
4.288070	-24.210231
5.201180	-23.628199
5.874268	-23.076493
6.537823	-22.309651
7.370031	-23.181298
7.147394	-24.175510
7.079764	-24.849363
7.010268	-24.162333
7.699347	-24.506398
8.079533	-24.766021
7.138902	-23.888939
8.138405	-24.317599
7.942834	-25.188584
7.465825	-25.949830
6.466170	-26.511230
5.648660	-26.524492
5.526026	-25.665309
6.346839	-26.424013
5.446071	-26.659066
5.609761	-26.797080
5.881279	-26.857132
5.850474	-27.062939
5.072475	-27.101671
4.502796	-26.104941
3.551229	-25.890503
3.731966	-25.278325
4.013052	-24.289584
3.561080	-24.377556
4.348738	-23.554812
3.635820	-22.918229
3.627324	-23.902085
2.864625	-24.016283
3.618370	-23.921069
4.178903	-24.185673
3.233716	-23.768258
4.152326	-22.769920
3.270317	-21.863919
3.419386	-22.051437
3.031518	-21.610638
3.139049	-22.368466
3.921250	-22.083017
4.901084	-23.008806
4.475434	-23.792540
4.770566	-24.243033
5.768418	-24.717234
6.743713	-23.718862
6.119609	-22.919602
6.290287	-22.740811
6.812442	-22.329847
7.808569	-21.353245
8.465459	-20.878843
7.478086	-21.853414
6.675664	-20.900687
6.272810	-21.871754
6.125567	-22.370692
5.233855	-23.052631
4.545695	-23.317931
4.190866	-23.004059
4.581781	-23.067154
3.875515	-22.174318
4.724257	-22.708758
3.858564	-22.375631
4.793678	-23.143184
5.661807	-24.125721
5.392888	-24.543810
6.312423	-25.379263
7.310443	-25.912974
6.373089	-25.367873
7.138507	-24.369600
7.868046	-25.031921
8.417044	-25.971989
8.513367	-26.148839
8.592734	-26.411962
7.713743	-25.949229
8.659981	-24.990175
7.847574	-24.215255
8.120746	-24.117148
7.266642	-25.113493
6.704051	-25.141084
5.709211	-24.376893
4.789615	-24.861164
5.073599	-24.526920
5.555028	-25.524616
6.162983	-25.163553
7.162942	-25.326980
6.703402	-24.486194
6.213368	-25.029148
5.829226	-25.586821
4.876191	-24.592098
4.398398	-24.613799
3.415348	-25.048880
2.800255	-24.053137
3.738987	-23.059804
4.738965	-23.641992
4.651140	-23.750187
5.620455	-22.868647
6.437842	-22.009050
5.698235	-21.015276
6.590518	-20.837229
6.127799	-21.280566
5.186105	-21.276983
6.044114	-20.620986
6.885816	-21.610472
7.878148	-20.840971
8.847575	-20.028293
9.502769	-20.091782
9.331680	-20.143696
9.486888	-19.159839
9.423336	-20.146646
9.850624	-19.995692
9.582905	-20.977102
8.983133	-20.343782
9.924819	-19.348300
9.381669	-20.073697
9.297861	-20.166686
9.593254	-19.256504
10.589248	-19.924500
10.304801	-20.537544
9.751456	-19.621364
9.718633	-20.564630
9.207604	-19.884992
9.479085	-20.241423
8.781809	-20.360235
9.299690	-19.618813
9.343201	-19.721513
9.894631	-19.412125
9.984751	-19.353021
9.052889	-20.321200
9.088838	-19.735838
8.214262	-19.687905
9.075953	-18.995590
8.618595	-18.567244
8.544073	-18.752756
9.520568	-19.242490
9.296721	-18.259446
8.545278	-18.565097
8.011678	-19.467442
8.792342	-19.674668
9.113096	-19.330496
8.610264	-19.692158
9.579553	-18.796038
8.804880	-19.739220
8.308881	-19.431007
7.312557	-18.966544
7.903443	-18.408518
8.765754	-17.413509
7.780627	-17.948751
7.444588	-18.943943
6.515258	-17.951803
5.942488	-18.774896
4.944225	-17.781014
5.233375	-18.656721
6.082597	-19.584743
6.373488	-20.219725
6.343120	-19.487196
5.393237	-20.463506
5.038921	-20.105002
4.189981	-20.261163
4.967568	-19.661893
4.165372	-18.663036
4.495276	-17.741969
3.496634	-18.615255
4.318558	-19.573334
3.497187	-19.347484
4.411883	-19.000897
4.044546	-19.350441
3.596483	-18.729860
2.838001	-18.207248
3.121800	-17.291993
2.795017	-17.546543
2.398818	-18.546431
1.941048	-19.242247
2.313480	-19.755088
1.495412	-20.242559
2.489998	-20.269634
2.935174	-19.296449
2.570849	-20.167478
3.308649	-19.194526
2.333394	-18.219247
1.888616	-18.411163
1.343316	-18.495842
2.195736	-19.358927
3.029613	-19.199987
3.911271	-19.842934
3.368046	-19.163885
2.463702	-19.330012
3.131690	-20.329416
2.307857	-20.672196
1.824958	-19.734684
2.478104	-20.655798
2.851313	-20.408044
3.658180	-20.398486
3.398066	-21.378979
3.157772	-20.494802
4.070593	-19.847839
3.781814	-19.305355
3.076815	-20.272449
3.969308	-20.070181
3.871834	-19.251342
3.251802	-19.710142
2.274384	-20.684301
3.074358	-21.552824
2.108576	-21.511947
1.345243	-20.540992
0.959257	-20.384909
1.760473	-21.087293
0.764854	-22.043407
0.059803	-21.057738
-0.820072	-20.543750
-1.612773	-21.336834
-2.599393	-20.753948
-1.657463	-21.568608
-0.887029	-20.844034
-1.290201	-20.015127
-1.487896	-20.898853
-0.610557	-21.815204
-1.577151	-21.957754
-2.571468	-21.954606
-3.554601	-21.393530
-3.318395	-20.557178
-4.223589	-19.919974
-3.245946	-19.412201
-2.410896	-18.867151
-2.766064	-18.779889
-3.765393	-19.737422
-3.089398	-19.936472
-2.765544	-19.015353
-2.359367	-19.950730
-2.758494	-19.210611
-2.180983	-19.783126
-1.841643	-20.222240
-2.694533	-19.226023
-1.867873	-19.835940
-1.957908	-19.131541
-0.959724	-18.983782
-1.937959	-19.353485
-2.794347	-19.762039
-3.407077	-19.722042
-2.419155	-20.014136
-1.427257	-19.823116
-1.982696	-19.178058
-2.906618	-18.921856
-3.203330	-17.922186
-2.621835	-18.575393
-3.378974	-18.580281
-3.132138	-17.646392
-2.235863	-18.344020
-3.197291	-19.214979
-4.190556	-20.197267
-3.925821	-20.253091
-3.595358	-21.251356
-2.688295	-22.230260
-3.042401	-23.205062
-3.207405	-22.226282
-3.705485	-21.227019
-3.691308	-20.331198
-4.365212	-19.401946
-4.165140	-20.264718
-5.103571	-20.671687
-5.284315	-21.546286
-4.372874	-21.478667
-3.382732	-22.251645
-2.620738	-22.113963
-2.982237	-22.845473
-2.661401	-23.440907
-2.021470	-22.825103
-2.663173	-21.858678
-2.221344	-22.187220
-1.336592	-21.899472
-1.208562	-22.434534
-1.459350	-22.548490
-0.604583	-22.081409
-0.131650	-23.022734
-0.175718	-23.686202
-0.867096	-23.548975
-1.810129	-23.923033
-2.807681	-23.725702
-3.685196	-24.424989
-2.741364	-23.780175
-2.765500	-22.992252
-1.767482	-22.371054
-2.737856	-23.176872
-3.539557	-24.154143
-4.363595	-24.309341
-3.879360	-25.199131
-3.127824	-25.887314
-2.775823	-25.713486
-1.812855	-25.846002
-1.981590	-26.796153
-2.811116	-25.992778
-2.989571	-25.742107
-2.136818	-24.748088
-3.135320	-23.880812
-2.518281	-23.602520
-3.458023	-22.966667
-4.268744	-22.684600
-5.268567	-21.920636
-4.473153	-21.307911
-3.863342	-22.257963
-4.548969	-22.108193
-5.536745	-23.107579
-4.716322	-22.237891
-4.577116	-23.009676
-4.951118	-22.979794
-5.882692	-23.540252
-5.311491	-22.558753
-4.369259	-23.557048
-5.365797	-23.274139
-4.529061	-22.541230
-3.686536	-22.769772
-4.677642	-22.826312
-3.679174	-22.940694
-4.280205	-22.379575
-3.425011	-22.390607
-3.150248	-23.368513
-4.137257	-22.461585
-5.107237	-22.029070
-5.688035	-21.034681
-5.927557	-21.268875
-6.063015	-22.086253
-5.389119	-22.541004
-4.697171	-23.462879
-5.203137	-24.239855
-5.313987	-23.795196
