0.000000	0.000000
-0.995008	0.899669
-0.181822	0.013016
-0.641560	-0.485890
-0.339874	0.514097
-1.266730	1.482342
-0.345754	2.323856
0.638198	2.341696
0.375343	3.341647
1.104043	2.822673
1.859702	1.884819
1.962019	2.796524
1.347168	1.840892
1.587999	0.843862
0.651672	1.837134
0.102768	1.317539
-0.865642	0.431049
-0.771193	0.070210
-1.343211	-0.303596
-2.331504	-1.096418
-1.953057	-1.608849
-1.337778	-2.313876
-1.370474	-1.428431
-0.648829	-1.659599
-1.529665	-2.658258
-0.817998	-2.877429
-1.736626	-2.241376
-1.135949	-1.273964
-0.300818	-2.049502
0.644219	-1.241236
1.341427	-0.271821
1.258305	0.596260
2.004109	0.607631
2.780324	-0.385166
3.712022	0.356348
2.997925	-0.368588
2.801747	-1.362241
2.779144	-1.590375
3.711247	-2.296189
2.711251	-1.535877
1.969703	-0.831144
2.770107	-1.154447
1.774398	-2.154446
2.326772	-1.529472
1.550275	-0.922299
1.504787	0.073673
0.721174	0.111378
-0.098898	0.052691
-1.098551	0.125523
-1.276412	-0.262127
-0.661263	-0.840327
-1.577240	-0.082462
-2.059994	0.824212
-2.522307	0.182770
-2.181188	1.068041
-1.195169	1.993968
-2.149007	1.269512
-1.492233	1.480278
-2.215641	2.444300
-3.110473	2.524576
-3.907015	3.398176
-4.076344	2.429565
-3.622985	1.718236
-3.927985	0.815276
-4.577171	0.345753
-4.531079	1.325479
-5.522928	0.428969
-6.134722	1.236072
-5.508760	1.412863
-5.443995	0.558423
-5.142753	-0.436318
-4.547840	-1.436317
-5.339089	-1.515608
-5.129266	-0.526954
-5.317812	0.441625
-5.247455	-0.454622
-5.972572	-0.554190
-6.950947	-0.888313
-7.721140	-1.883157
-7.617811	-2.883047
-8.174459	-2.733983
-7.191865	-3.628889
-6.620154	-2.737991
-5.634399	-2.670268
-6.238951	-3.664846
-6.699443	-4.001356
-7.678139	-4.159300
-8.013741	-3.723289
-9.010604	-3.197503
-9.306491	-4.161563
-9.604200	-4.389509
-10.586082	-5.286757
-9.639943	-5.675246
-9.523583	-5.321145
-9.816614	-5.102781
-9.476448	-4.814003
-8.544034	-3.953195
-7.858362	-3.394801
-8.856412	-4.227664
-8.066557	-5.060414
-8.952462	-6.043957
-9.754051	-5.771862
-10.087804	-6.727610
-9.340453	-7.640896
-9.088174	-7.123606
-9.860418	-6.594686
-8.909224	-6.117205
-8.809362	-6.101218
-7.814238	-6.117814
-8.754987	-7.098157
-9.727096	-7.867453
-9.632887	-7.297465
-9.295822	-8.048663
-10.295723	-7.087977
-11.286707	-7.690119
-10.640410	-7.349128
-11.376892	-7.574405
-10.565075	-8.494427
-10.493759	-7.518645
-11.493617	-7.336017
-12.185583	-6.687763
-11.447780	-7.160923
-11.088288	-7.827630
-11.961588	-6.863574
-11.227435	-6.701397
-10.334751	-5.869170
-10.840423	-6.800343
-10.859229	-6.615057
-11.318075	-5.615597
-11.223245	-6.557578
-10.647652	-7.128599
-10.010898	-6.136987
-10.939368	-6.391144
-10.077712	-7.290763
-9.618150	-6.797869
-9.883185	-7.744207
-10.865213	-8.634528
-11.597694	-9.618755
-11.851909	-9.856435
-10.950065	-10.393860
-9.953034	-11.185999
-9.038212	-12.007225
-9.998347	-12.914290
-9.285462	-13.639121
-8.392714	-14.282290
-8.844242	-15.271660
-8.582895	-15.491650
-7.583029	-14.498383
-8.582410	-14.991735
-7.739433	-15.863172
-8.253092	-16.533427
-9.236287	-17.279055
-10.170946	-18.082122
-11.022700	-17.268555
-10.634760	-17.373059
-10.687888	-18.321879
-11.377669	-19.213953
-12.337071	-19.716289
-12.955999	-20.188035
-12.724411	-19.207967
-13.702989	-18.975350
-12.762229	-17.976977
-11.762313	-17.622586
-12.760570	-17.574471
-11.772355	-16.987712
-11.240486	-16.061201
-10.246259	-16.796700
-9.806158	-16.543490
-10.800543	-17.538909
-11.569067	-16.581347
-11.768183	-15.779915
-10.950655	-16.600047
-9.965450	-16.921978
-10.872175	-16.254221
-10.189251	-15.469812
-10.695821	-16.044054
-10.275058	-17.026941
-9.655064	-17.939490
-9.478992	-17.119663
-9.843580	-18.119392
-9.860941	-17.932874
-8.943456	-18.928814
-8.140636	-17.929901
-7.975538	-18.437818
-6.976744	-19.301429
-6.242102	-18.332415
-5.851506	-18.463997
-4.915457	-17.490115
-5.896348	-17.565820
-6.715678	-18.415217
-6.037831	-17.418364
-6.093527	-18.342633
-5.099131	-17.679901
-6.098691	-18.677376
-7.070821	-19.597330
-8.066369	-18.629417
-8.279928	-19.111894
-7.293324	-18.454923
-6.852198	-17.508793
-5.869083	-18.383489
-4.888755	-19.184921
-4.160878	-18.205374
-3.673446	-17.819634
-4.581723	-17.057990
-5.472481	-16.880037
-4.483560	-16.533216
-4.738958	-15.554099
-4.060356	-14.565681
-4.861486	-15.319976
-3.886341	-16.089606
-4.837637	-16.402102
-3.932258	-17.397287
-3.250987	-17.126072
-2.523289	-17.414556
-2.468245	-16.873404
-2.256516	-15.883698
-1.319874	-16.449888
-2.318134	-17.438469
-1.339250	-17.909660
-0.683951	-18.172457
0.267851	-17.328181
1.263959	-16.329610
0.328366	-15.657779
-0.666750	-16.500586
-0.646289	-16.817327
-0.951293	-15.859923
-0.149264	-16.851667
0.775231	-15.857644
1.167630	-15.500930
1.558917	-15.159755
2.151484	-15.347324
1.679294	-14.800407
2.382739	-15.708209
3.049567	-16.547746
2.991741	-16.532381
2.246907	-17.464855
2.769779	-16.734549
3.681613	-17.347443
2.684980	-17.028894
1.743149	-16.030793
2.743147	-15.236347
1.805344	-14.640592
2.671109	-13.962153
2.166596	-14.954855
1.238261	-15.081305
1.463595	-15.608815
0.465510	-14.950137
0.042782	-14.197235
0.956297	-14.486531
1.230821	-15.374994
0.278140	-15.908035
-0.384541	-16.879049
0.582723	-15.924105
0.176461	-15.591873
0.153589	-16.589016
-0.236103	-17.588709
0.601944	-16.860333
1.177616	-17.752093
0.180087	-16.842525
-0.759733	-17.148132
-1.056937	-16.309474
-2.027053	-15.374873
-2.989273	-14.393127
-3.927032	-13.752966
-3.825081	-14.750035
-2.903739	-13.833308
-3.499949	-13.400932
-2.514301	-12.473083
-2.659587	-11.641025
-2.616076	-11.473147
-1.828289	-11.123895
-1.636038	-11.037516
-2.532456	-10.629783
-2.004608	-10.124690
-1.996025	-9.506816
-1.019891	-9.812205
-1.109824	-10.259738
-0.485702	-9.325904
-0.216425	-10.275349
-1.089033	-10.641408
-2.059713	-11.430640
-1.352351	-12.353244
-0.457381	-12.930537
0.254788	-13.880828
0.282206	-14.561776
0.134793	-13.757397
-0.313600	-13.711910
-0.974978	-14.314428
-1.905681	-13.356780
-0.912537	-14.290589
-1.730646	-14.189013
-1.675139	-13.322502
-2.519323	-13.902294
-3.507052	-13.233640
-4.313314	-12.614931
-3.376584	-12.234523
-3.370726	-13.144265
-2.663011	-14.036608
-2.849196	-14.042931
-3.556643	-14.255985
-2.828632	-14.851517
-3.237732	-13.893391
-4.013143	-14.803738
-3.207318	-15.107811
-2.454691	-14.613913
-2.397804	-14.508041
-1.582950	-14.620256
-1.178337	-15.546407
-2.053017	-14.706331
-1.153301	-14.579702
-2.099238	-14.485789
-1.230035	-13.537968
-0.731261	-13.802125
0.258415	-14.130805
1.221205	-14.931670
0.228421	-15.788471
-0.729591	-16.645318
0.238987	-17.027929
-0.754408	-16.253963
0.009412	-15.686226
0.177756	-16.485526
0.936232	-15.584717
1.443675	-16.542021
2.441725	-17.049762
3.402752	-16.557990
2.612473	-16.507789
3.433164	-17.431148
3.067181	-17.857483
2.452969	-18.830951
1.458533	-19.424738
0.815946	-19.410064
-0.107712	-19.959857
0.420376	-19.818407
0.981762	-19.035422
0.245423	-20.029859
0.312963	-20.869593
-0.418595	-21.670352
0.102065	-21.954760
-0.491347	-21.070168
0.190179	-20.460691
0.161236	-21.456616
0.922444	-20.652805
0.037476	-21.123858
-0.157943	-20.711502
-0.414652	-21.707350
-0.902830	-22.525097
-0.797200	-21.906057
-1.727572	-22.520891
-2.592599	-21.956771
-1.620616	-21.002042
-0.972664	-21.987680
-0.009416	-22.103132
-0.697524	-21.140889
0.221933	-22.125332
-0.502319	-21.184509
0.236978	-21.928414
1.143400	-21.895273
2.138912	-21.099409
1.272903	-20.104597
0.393123	-20.813223
1.374544	-20.277469
0.388949	-21.233133
0.720433	-20.714454
-0.099368	-21.696887
-1.097907	-20.947586
-0.104436	-21.673140
0.745935	-21.516171
1.345731	-21.261207
1.463506	-20.289666
1.884405	-20.927667
1.050635	-19.973620
1.090625	-19.121013
0.759514	-18.130082
0.397346	-18.781676
-0.602114	-18.133788
-0.528616	-18.293291
-0.232534	-17.322791
-0.675654	-16.726828
-1.385166	-17.715500
-0.949527	-18.457504
-0.109321	-17.612959
-1.109028	-16.709727
-0.712749	-17.495123
-1.358012	-16.993470
-0.741591	-17.900343
0.244598	-16.903485
0.983521	-15.911461
0.174985	-15.437320
-0.824980	-14.470556
-1.183913	-14.511810
-2.005022	-14.085248
-2.997959	-14.700546
-3.630004	-15.538104
-2.630299	-16.533325
-3.540370	-15.622884
-4.344289	-16.464613
-4.891699	-15.889512
-4.363125	-16.060475
-4.417831	-15.916530
-3.479734	-16.488952
-3.766211	-16.675171
-3.130637	-16.160244
-3.069750	-15.910024
-2.559147	-16.907622
-2.553512	-16.122428
-2.663868	-15.298115
-2.438717	-14.298150
-2.377800	-14.739489
-1.544828	-15.735857
-1.896436	-16.584641
-0.954081	-17.128112
-1.383058	-16.156318
-0.383786	-15.314695
0.014712	-16.314558
-0.640876	-17.312980
-1.199631	-17.724768
-1.330393	-16.766285
-1.899532	-16.957169
-2.415442	-16.047975
-2.673856	-15.536900
-3.129911	-15.173457
-4.037809	-15.417429
-4.393470	-14.536753
-3.630919	-15.512054
-2.793779	-15.025660
-3.738387	-14.790320
-4.207488	-15.784390
-4.665396	-14.919785
-3.770035	-14.145541
-2.897222	-14.529686
-2.088665	-14.078536
-3.088211	-14.803207
-3.775111	-15.642223
-4.589863	-14.678856
-3.600484	-13.741947
-3.862319	-12.927738
-3.877163	-11.941755
-3.115491	-11.572260
-3.904785	-11.573616
-3.749667	-12.519368
-4.622746	-13.401633
-4.715937	-14.401412
-5.644163	-14.028343
-4.769178	-13.281877
-4.470828	-12.432264
-3.569710	-11.836086
-4.423695	-11.375560
-4.544903	-10.397533
-4.641490	-9.518510
-5.639600	-8.547796
-6.296494	-7.568416
-6.947383	-6.900402
-7.946742	-7.056891
-7.502083	-6.471518
-8.489974	-6.171180
-8.199765	-6.517397
-8.383808	-6.717163
-8.749687	-5.873260
-9.584263	-6.864716
-10.571205	-7.825642
-9.660055	-7.542879
-8.864936	-7.665043
-8.143734	-8.380792
-8.231170	-7.596053
-7.269047	-6.596393
-8.179710	-7.142736
-9.153494	-6.720301
-8.165259	-6.982480
-8.994379	-7.935649
-8.058504	-7.254711
-7.483757	-8.048058
-6.560956	-8.462380
-7.315938	-9.462161
-7.454573	-9.593516
-8.443082	-8.593774
-8.294896	-8.324170
-8.555816	-9.200378
-7.567122	-9.715852
-7.857705	-10.687649
-7.984326	-9.687824
-7.019001	-8.836805
-6.457071	-8.363012
-6.340593	-9.266408
-7.066206	-10.155004
-7.797607	-9.766682
-6.856610	-9.560102
-7.109531	-9.509847
-6.133442	-10.406134
-6.062294	-11.402933
-6.619658	-10.427685
-5.624930	-9.999509
-5.674936	-10.986537
-4.864244	-11.966497
-5.235459	-11.360915
-6.140807	-11.110261
-6.731383	-10.463972
-6.436324	-10.428924
-6.070524	-10.024580
-6.467405	-9.097549
-6.527630	-9.498228
-7.233172	-8.538558
-8.046855	-9.041924
-7.814308	-8.651383
-8.648663	-8.814143
-8.332973	-7.814171
-8.392406	-6.837936
-8.827231	-6.828495
-7.898453	-7.813113
-8.088389	-6.813113
-7.631160	-6.004907
-7.882418	-6.899111
-8.854137	-6.853589
-9.270181	-6.035596
-8.374929	-6.778372
-9.348935	-5.857911
-10.259994	-5.007844
-11.033458	-5.201989
-10.150478	-5.806851
-10.977726	-6.685230
-11.861885	-7.292808
-10.987053	-8.147638
-10.566044	-8.724796
-10.039088	-9.723292
-10.750049	-10.079230
-9.751588	-10.389985
-10.014248	-9.437488
-10.717622	-8.437863
-10.456747	-9.373205
-11.290185	-10.353693
-11.748089	-9.626653
-10.922418	-10.247804
-11.178839	-9.288108
-10.530653	-8.555017
-9.726367	-7.560908
-8.757357	-7.411254
-8.067273	-7.664568
-8.452409	-8.595209
-9.388609	-7.781578
-10.337916	-8.190062
-10.591620	-7.928843
-11.586133	-7.429981
-11.540967	-8.210483
-12.063374	-8.514695
-13.014555	-7.515336
-13.125567	-8.219614
-13.876732	-7.336419
-13.757832	-8.231737
-14.737240	-8.965865
-13.777942	-8.221482
-12.974545	-7.710875
-12.425711	-8.703223
-11.464597	-7.874779
-12.433299	-8.471114
-12.781732	-9.011268
-13.758034	-8.912040
-14.429282	-8.798953
-15.341188	-8.094912
-14.631780	-7.531730
-15.094103	-7.080285
-15.686521	-7.441315
-16.002044	-8.437541
-15.245809	-8.011430
-16.099081	-8.499582
-16.400542	-8.240297
-15.454383	-8.826815
-16.417185	-9.795398
-17.099218	-10.320977
-16.157516	-11.198709
-15.788014	-10.198790
-15.858884	-11.185963
-15.970797	-10.568935
-16.017789	-11.521041
-15.893350	-12.196545
-15.609808	-12.765616
-14.646913	-11.969081
-14.085536	-11.140525
-13.344490	-11.399046
-14.204078	-10.439683
-15.173365	-9.774128
-15.149589	-9.693058
-15.363724	-8.736953
-15.533075	-8.227341
-14.781278	-7.242264
-13.921710	-6.787318
-14.908903	-7.608508
-14.601967	-8.607354
-14.544341	-8.869227
-15.480656	-8.936282
-14.945928	-7.938824
-14.163649	-6.980844
-14.915073	-7.977924
-15.869413	-6.984421
-16.200942	-7.215301
-17.121961	-6.219298
-16.242114	-5.307800
-16.411890	-6.269007
-17.162856	-6.269438
-16.435691	-6.270698
-16.263158	-7.232356
-17.153103	-8.177221
-18.099310	-7.470216
-19.027350	-6.506936
-18.159675	-7.181587
-17.827189	-6.714211
-17.101650	-6.183552
-17.295809	-6.221941
-16.831420	-7.100121
-16.679564	-7.244634
-16.416910	-6.393447
-16.361361	-7.117576
-16.921339	-7.002805
-17.427148	-6.010848
-18.420490	-6.290915
-18.292667	-7.249486
-18.825272	-6.425136
-19.637713	-7.398303
-19.820194	-8.242009
-18.820980	-9.004398
-18.993951	-8.075211
-19.209719	-8.908849
-19.389525	-8.930925
-19.973431	-8.314863
-19.514603	-7.614448
-20.205002	-8.290541
-21.175799	-7.641394
-22.173534	-6.971421
-21.492400	-6.144757
-22.250951	-5.339007
-22.559606	-4.503388
-21.618531	-4.258023
-22.618327	-3.984103
-22.156479	-2.997407
-22.441645	-3.901976
-21.794605	-3.786898
-20.796516	-4.254183
-20.151941	-3.283473
-21.046148	-2.313773
-21.833413	-1.724644
-22.338239	-1.580824
-21.344557	-2.539945
-22.190672	-2.585072
-21.337996	-1.602537
-21.862813	-0.650624
-22.544286	0.111301
-23.508014	-0.807892
-24.322830	-1.055250
-23.692298	-0.064799
-23.290706	0.318216
-22.335999	0.604591
-23.297681	0.960569
-24.010940	1.872536
-24.581007	2.818579
-25.565569	1.820252
-26.384748	1.058721
-26.298383	0.396871
-26.845366	1.285858
-26.126361	0.857810
-27.085032	-0.118968
-26.400685	0.388739
-25.795217	1.274090
-25.667814	0.976606
-25.899289	0.450098
-25.736269	0.628793
-26.319947	-0.264637
-27.313817	-1.205535
-26.575999	-0.430077
-25.856884	0.560908
-26.385901	-0.249128
-25.404320	-0.640881
-26.401237	-1.635294
-27.350236	-0.757814
-26.514554	-1.644059
-26.572404	-0.879778
-27.537314	-1.520797
-28.480931	-2.129755
-27.556565	-1.151652
-26.980429	-0.164081
-26.288511	-0.599265
-26.619631	-0.458839
-26.604002	0.515572
-26.807211	-0.232705
-27.420905	0.330197
-26.768249	-0.608273
-25.827621	-1.476658
-26.513025	-1.888855
-27.428903	-0.981736
-27.504180	-0.814215
-26.895208	-0.681379
-26.387470	0.243884
-25.541596	1.224902
-24.677267	1.395238
-25.677162	1.811946
-25.690502	1.100079
-24.690711	0.781576
-23.895392	-0.218413
-23.371972	0.437129
-24.117063	0.327478
-23.861912	1.327297
-23.621538	0.504411
-22.743869	-0.335929
-23.600750	-1.127227
-22.610323	-0.311583
-21.874973	-1.013123
-22.556748	-1.302548
-22.177960	-2.285004
-22.079645	-1.675585
-22.096066	-2.669210
-21.629285	-2.672291
-22.257440	-1.797633
-21.310503	-1.559587
-20.438179	-0.920964
-19.860777	0.025140
-20.555632	-0.741472
-21.507730	-1.588818
-22.503415	-2.313513
-22.927619	-2.906313
-23.079748	-3.861766
-22.130295	-3.238071
-23.010912	-4.146671
-23.578612	-5.141148
-24.393378	-5.625162
-23.704112	-4.820025
-24.086390	-4.548642
-23.490824	-5.426533
-23.261641	-4.857282
-22.587567	-4.120229
-22.318433	-4.244078
-23.234640	-5.106842
-23.966751	-5.208183
-24.429314	-4.597871
-25.188278	-3.802896
-24.188519	-4.453970
-23.249911	-4.119322
-23.437137	-4.867864
-23.526663	-5.579656
-24.340665	-4.820067
-24.070548	-3.829947
-24.296373	-3.948415
-24.700038	-3.549640
-24.328552	-3.732879
-25.309519	-2.832640
-25.838855	-3.829671
-26.159406	-3.264457
-27.058542	-3.739582
-26.180565	-2.739971
-25.193553	-3.674968
-26.005129	-3.492719
-26.883070	-4.321081
-26.017498	-5.093859
-26.266103	-6.000789
-27.261951	-6.933640
-26.299054	-7.867880
-25.324902	-6.868913
-25.081445	-5.886470
-25.521489	-5.300127
-25.158065	-4.333797
-25.333216	-4.148988
-24.389568	-3.999301
-25.304759	-4.114736
-24.363634	-4.906683
-24.275932	-5.089159
-24.799851	-4.331950
-23.799851	-4.828915
-22.806705	-4.328330
-22.639995	-3.395421
-21.821301	-2.398333
-20.821301	-3.172198
-19.862585	-3.398246
-19.060733	-2.537606
-19.020386	-3.520586
-19.937511	-3.195046
-18.940358	-2.222283
-19.929762	-2.623443
-20.304563	-2.091817
-21.260756	-1.092590
-21.356892	-0.114408
-21.213216	0.325199
-22.089601	1.314791
-21.091708	0.734048
-21.462506	-0.260697
-20.627564	0.712558
-19.643522	0.162086
-18.744856	0.052850
-18.056044	0.941543
-17.455865	1.600545
-16.498065	0.627737
-16.001424	0.268903
-15.001424	-0.661964
-14.290371	0.265069
-14.104949	1.145557
-15.016521	1.055464
-15.976286	0.094278
-16.831218	0.802605
-15.840333	0.340436
-16.003629	1.210733
-16.554158	0.476866
-17.514326	1.200402
-18.485409	0.528131
-19.092529	1.067662
-18.834518	1.058956
-19.823347	0.059424
-19.600211	-0.872863
-19.987420	0.101968
-20.723097	-0.281357
-21.710397	0.567155
-20.935028	1.117888
-21.385608	1.506260
-20.625960	2.503223
-21.551528	1.961150
-21.021696	2.936115
-20.963818	3.845332
-20.097277	2.870601
-21.042510	3.148398
-21.863165	2.595468
-21.204218	3.535770
-22.042228	4.181339
-21.112773	3.486214
-20.234671	2.772119
-19.717316	3.014884
-19.344471	3.777599
-20.063807	4.261605
-21.023677	5.216783
-22.018026	6.054059
-22.947247	6.528761
-22.952859	7.121049
-23.611383	7.173324
-24.485344	8.154121
-24.657467	8.898759
-24.742575	7.991997
-23.774688	7.399459
-23.065560	7.716925
-22.067842	6.799963
-21.165463	7.218064
-22.099563	6.668786
-23.082289	5.935150
-23.203783	6.750938
-23.443344	5.764106
-24.393777	6.754933
-23.479084	6.817219
-23.830492	7.729628
-24.671544	6.848648
-24.310522	6.784625
-23.354180	7.300773
-22.640406	6.372773
-22.533520	7.230093
-22.783267	6.449664
-23.543591	7.432627
-24.508671	6.518835
-25.086618	5.929598
-25.927967	5.234579
-26.909296	4.465130
-25.926478	5.463960
-26.789106	5.594119
-27.772240	4.782800
-28.769915	3.798100
-27.790394	3.201086
-28.740346	2.214937
-27.977984	2.791317
-27.326922	2.863340
-26.487575	2.134879
-26.035874	2.811866
-26.176040	1.840129
-26.706213	0.847859
-27.690064	0.905234
-28.375011	1.286406
-27.617328	2.133135
-26.733547	1.631578
-27.553561	1.588152
-28.346045	0.875491
-27.797225	0.213008
-28.376738	0.921328
-28.171317	1.514465
-27.355726	0.635423
-28.355513	-0.360354
-28.767708	-0.921173
-29.555988	-1.700463
-28.566962	-2.567208
-29.176295	-3.327462
-29.974446	-2.656416
-30.579382	-2.487542
-30.149723	-2.696071
-29.768331	-2.099063
-30.719026	-2.638807
-31.494579	-3.464400
-32.469784	-4.459177
-32.594049	-3.792669
-31.817374	-3.874883
-31.612504	-4.838032
-31.209644	-5.820844
-32.144032	-6.565154
-32.542368	-6.859268
-32.703894	-5.893243
-33.435509	-5.163835
-32.533190	-5.060488
-33.529843	-5.518211
-32.566936	-6.383057
-31.792835	-5.390021
-31.679267	-5.751800
-31.242456	-5.052959
-32.067183	-4.079043
-31.445004	-3.330983
-32.263287	-3.114855
-32.863170	-3.798018
-32.392395	-4.669392
-32.929003	-4.012742
-33.249921	-4.841069
-33.777629	-4.371382
-32.832651	-4.633086
-32.571317	-5.335616
-31.584290	-4.352235
-32.538582	-4.240505
-31.596962	-4.613272
-31.590844	-5.587036
-30.860633	-5.155736
-30.017358	-5.306250
-30.642126	-4.311661
-31.185604	-5.309711
-31.299132	-4.371325
-32.026541	-3.803432
-31.378409	-4.785466
-32.372096	-5.643705
-33.079819	-6.546971
-33.129830	-5.647833
-32.952092	-5.338552
-32.631887	-6.338400
-33.108681	-7.146746
-32.979645	-6.158522
-32.734693	-6.035555
-31.737576	-5.160233
-30.895250	-4.688289
-30.285470	-4.367323
-30.663271	-4.448443
-30.402042	-4.928916
-29.981471	-5.451812
-30.430483	-5.719559
-30.783132	-4.882048
-30.518412	-5.793447
-29.527458	-5.480830
-28.527875	-6.479859
-27.721254	-5.523661
-28.719362	-5.096447
-28.118749	-4.114615
-28.402584	-3.728148
-28.711630	-4.662719
-29.495884	-4.028193
-29.368481	-3.028284
-28.840135	-2.535601
-28.772496	-2.247391
-29.298957	-2.728365
-29.964480	-1.876209
-30.937984	-2.235767
-31.937609	-1.357526
-32.649312	-1.196247
-33.378115	-1.918982
-33.260481	-1.797442
-32.771708	-2.795852
-31.926184	-3.710627
-30.935218	-4.369827
-30.954265	-3.468817
-31.302802	-2.696523
-31.539233	-2.231413
-32.302868	-2.544043
-31.761666	-1.738487
-32.581131	-2.641313
-32.713161	-1.648253
-32.168828	-0.653080
-31.702027	-1.476733
-32.529098	-2.434055
-31.836590	-2.590711
-32.728232	-1.818149
-33.689524	-0.818983
-32.882402	-0.072743
-31.951894	0.620552
-30.959405	-0.302810
-31.896690	0.670083
-31.427480	1.498383
-32.084702	2.475683
-32.357952	2.330932
-33.019692	3.275819
-33.575853	3.832780
-34.552686	3.818615
-35.188465	2.854843
-34.633095	2.573821
-35.632826	3.550363
-34.728998	3.118438
-35.346715	3.778806
-34.951980	2.779394
-34.944889	3.489759
-34.276717	2.496427
-33.891015	3.426675
-32.897948	2.653163
-33.874058	3.324382
-33.252377	4.203975
-32.421765	5.188392
-33.408633	6.188392
-33.810863	6.241799
-33.797530	5.349249
-34.012406	4.805016
-34.696008	5.786381
-34.345190	5.419228
-33.748011	4.564887
-32.807057	5.430192
-33.678720	4.486862
-34.646195	4.807908
-35.544974	5.798093
-35.496117	6.127810
-34.641617	7.113370
-34.163121	6.121133
-34.949461	5.125330
-33.950817	4.388631
-32.955091	5.323870
-32.240490	4.327001
-31.246099	3.779405
-31.854959	3.125946
-31.478349	2.277487
-31.014172	2.026359
-31.463982	2.702661
-31.731862	3.701619
-31.338340	2.701738
-31.615823	3.700520
-30.627916	3.930734
-31.003813	3.550053
-31.395480	3.436722
-31.658211	3.918269
-31.680134	2.968389
-30.732725	3.965900
-29.733689	3.074467
-28.744874	3.012460
-29.612191	2.318866
-30.408215	3.309784
-31.377963	2.323762
-30.998957	3.080065
-30.209378	3.197324
-30.994754	2.229968
-30.892851	2.812736
-29.939176	3.811300
-30.864149	3.040652
-30.533550	4.040573
-29.987732	3.473630
-30.458191	4.000948
-31.254236	4.987521
-31.840143	4.347916
-31.034687	3.633988
-31.841570	3.520890
-31.832332	4.479488
-31.853866	3.512037
-30.861221	3.113192
-30.295090	2.408465
-31.159014	3.406309
-32.020531	2.598203
-32.548701	2.373175
-31.710202	1.788468
-31.262702	2.399676
-30.667814	3.262753
-29.669315	3.409537
-29.695288	2.761609
-29.678549	3.368366
-29.507445	2.572943
-28.517668	1.676885
-29.209796	2.667937
-28.224420	3.344361
-27.231848	3.394205
-26.286664	2.507138
-25.542941	2.701048
-24.627485	2.899352
-23.892928	3.464156
-22.893301	3.632855
-23.232516	4.539041
-22.555500	4.825994
-23.551193	5.597936
-22.645744	6.595702
-22.629789	5.683275
-23.182079	5.527912
-24.155865	4.624010
-23.856533	4.078587
-22.903626	3.189396
-21.917372	2.772457
-21.416084	3.250692
-21.366336	2.272058
-22.320634	1.377754
-21.925041	0.510690
-21.789191	1.439589
-22.133973	1.231314
-22.819120	0.342062
-21.822418	-0.319687
-20.845190	-0.816214
-20.235014	-1.796704
-21.043288	-2.742938
-21.389805	-1.985714
-22.383474	-1.935873
-21.423017	-1.527475
-21.835667	-1.094165
-22.495069	-0.280489
-21.910790	0.415497
-21.234024	-0.533583
-20.290299	-0.203258
-20.956264	0.686788
-20.913557	1.054716
-21.174058	0.401301
-20.421546	-0.539851
-21.421484	-1.343108
-22.182170	-2.128577
-23.086839	-1.156012
-24.030280	-0.159737
-24.614782	-0.595173
-24.578315	0.021391
-25.222208	0.466984
-26.198926	-0.521607
-26.041077	-1.188922
-25.461187	-0.636847
-25.859891	-1.597483
-25.255264	-2.505652
-24.273608	-1.867560
-24.328708	-2.765656
-23.328909	-3.480737
-24.025508	-3.489744
-25.016273	-3.583330
-24.404471	-3.283811
-24.081839	-3.827245
-24.462514	-4.118709
-25.454835	-3.704565
-24.522008	-4.384167
-23.891693	-3.832115
-24.674035	-3.087159
-23.684641	-2.810974
-24.652148	-1.961537
-24.653841	-2.579288
-23.661515	-1.597311
-22.661857	-2.594942
-21.863071	-2.601011
-22.624545	-1.608829
-23.624541	-2.354283
-23.655936	-3.147088
-22.796703	-2.854331
-22.715914	-1.865043
-21.715915	-2.864113
-21.992753	-3.225697
-22.640097	-2.834937
-23.217878	-1.835440
-22.894904	-1.111834
-23.201426	-0.114515
-23.451866	-0.419425
-22.778221	-1.411095
-22.298806	-2.167504
-23.296988	-1.754921
-22.647491	-2.447840
-23.170529	-1.689387
-23.206471	-2.238926
-22.207953	-3.079217
-21.248208	-2.079566
-20.496057	-1.799991
-19.496197	-0.894804
-18.499945	-1.667711
-19.244876	-0.804597
-18.492478	-0.315058
-18.768468	-0.829331
-19.192879	-0.321423
-20.166473	-0.617725
-19.551843	-1.581583
-20.400695	-2.331913
-20.245706	-1.343132
-21.242261	-0.694316
-21.894854	0.304576
-22.174050	-0.487532
-21.309175	-1.487531
-20.533465	-2.435045
-20.252214	-3.053086
-19.258653	-4.033453
-20.235166	-4.611895
-19.488577	-4.130770
-18.494111	-5.031974
-17.494841	-5.977022
-17.410443	-6.242345
-17.378212	-5.563333
-17.377079	-6.394705
-16.382291	-6.240835
-15.477237	-6.424955
-14.825187	-6.833177
-14.595011	-7.670977
-14.361160	-8.628176
-15.198006	-8.021555
-16.197501	-7.372457
-15.197605	-7.290792
-14.711248	-7.492125
-13.851011	-6.516219
-12.895444	-5.918769
-12.110516	-6.176813
-11.808066	-5.342393
-12.808038	-5.070822
-12.970019	-6.070801
-13.279074	-7.068969
-13.118875	-7.798275
-13.243177	-8.320445
-12.916312	-7.971089
-12.888155	-7.432283
-12.824948	-6.611184
-13.821523	-5.615697
-13.920298	-5.683983
-13.907012	-6.254266
-12.943524	-7.107653
-12.566213	-7.135812
-11.638341	-6.175123
-10.679857	-7.172322
-11.328464	-6.894412
-11.129641	-6.131083
-10.857894	-6.017288
-10.056870	-6.131354
-9.294135	-5.410954
-8.506422	-4.478729
-9.407956	-5.283476
-9.605388	-4.356395
-8.605782	-3.363110
-9.564253	-4.355054
-9.611849	-3.392879
-10.281598	-4.368020
-9.318478	-5.268451
-9.124436	-5.377934
-8.380170	-6.373530
-8.563694	-7.373202
-8.196960	-7.388788
-7.450423	-6.783042
-6.455265	-5.803185
-7.176635	-5.234580
-8.021027	-4.244654
-8.848780	-4.127056
-7.968089	-3.426374
-7.704851	-3.924609
-8.318283	-4.774202
-8.922339	-4.199054
-8.248573	-3.216739
-7.506453	-3.747140
-6.703392	-4.605215
-5.918810	-3.625358
-6.724969	-4.282824
-5.740320	-4.815818
-4.997174	-4.290995
-4.001094	-3.698155
-4.345360	-2.944512
-4.019987	-3.552856
-4.672971	-4.153002
-3.813264	-4.510699
-3.963453	-3.815772
-4.951347	-3.327909
-4.740212	-2.634323
-4.306713	-3.448918
-5.122912	-3.070713
-6.046693	-3.093097
-6.197547	-2.820761
-6.375266	-2.113088
-5.471210	-3.051042
-5.691842	-2.128481
-5.494747	-3.080500
-5.730946	-2.557940
-4.812309	-2.465119
-3.817724	-3.418864
-2.965582	-4.016239
-3.026006	-4.937311
-2.034199	-5.932774
-1.244934	-6.875251
-0.623042	-6.430192
-1.584666	-5.431713
-0.924005	-5.316945
-0.846536	-6.083289
-1.833636	-5.982340
-0.837412	-6.259496
-0.397738	-7.212014
-0.512779	-7.466042
-1.326410	-7.343197
-0.369031	-7.130585
-1.368575	-6.942820
-0.872054	-7.491623
0.027811	-7.048459
-0.803189	-7.366102
-0.276735	-6.416778
-0.259147	-6.300311
-0.963107	-5.334010
-1.134154	-5.393232
-0.989341	-5.146372
-1.676028	-6.099881
-2.665049	-5.316053
-2.639763	-6.269322
-1.704075	-6.409444
-2.238444	-6.152527
-1.238596	-7.116097
-0.348882	-7.128869
-0.430656	-6.583246
0.398218	-7.444429
-0.594827	-7.448240
-1.350346	-8.354512
-1.032433	-7.610633
-1.346700	-6.717400
-2.237545	-6.864655
-2.633451	-7.811899
-1.638612	-7.469125
-2.638410	-7.716495
-3.490443	-8.716481
-3.433520	-8.527284
-3.578730	-9.108900
-2.678360	-10.095620
-3.456353	-10.893791
-3.306538	-10.067026
-2.366182	-9.163695
-1.368246	-8.936581
-0.935864	-9.638872
-0.318388	-10.335482
0.679798	-11.168872
0.979470	-11.568719
1.403409	-11.466195
0.730881	-12.324193
-0.238729	-13.050565
-0.948661	-13.349690
-1.678556	-14.018382
-2.558942	-13.196963
-3.552707	-12.386878
-2.649558	-11.675776
-2.356184	-10.718501
-3.339620	-9.919326
-4.080317	-9.801592
-4.847211	-9.424204
-4.057590	-10.423715
-3.130299	-9.858775
-3.945997	-10.631270
-4.476409	-10.137739
-5.028885	-9.960152
-5.052174	-10.633184
-4.246803	-11.359326
-3.742375	-11.477185
-3.716722	-10.477784
-3.053559	-11.474081
-3.842877	-11.865351
-3.073962	-12.800065
-2.965531	-12.031931
-2.004899	-12.841109
-1.459497	-13.244554
-1.698239	-13.571739
-2.130103	-12.760634
-1.165546	-13.246520
-0.910395	-14.204177
-1.430756	-14.525690
-1.544027	-15.065798
-2.460760	-15.798843
-2.274319	-14.805767
-1.685276	-14.594185
-2.673694	-14.499166
-2.546921	-13.772509
-1.593631	-13.090849
-0.670253	-12.175932
-1.662339	-12.801248
-0.684843	-11.901226
-1.651167	-11.002360
-1.768549	-11.985056
-2.241307	-11.058141
-2.556896	-11.740089
-1.561184	-11.515816
-2.473007	-12.515598
-3.172032	-13.256269
-3.890722	-14.076361
-3.234106	-14.247555
-3.619866	-15.092690
-4.584379	-15.358378
-4.337492	-15.318743
-4.861757	-16.308315
-5.301343	-15.529326
-6.032542	-16.500045
-7.006940	-16.029013
-6.029126	-17.023065
-5.402854	-17.983738
-4.440585	-18.331970
-5.298812	-17.972017
-6.134242	-17.856380
-5.793840	-16.874784
-5.040830	-15.962323
-4.126550	-15.826441
-4.373465	-15.139193
-4.788221	-14.139350
-3.905314	-13.962084
-3.927248	-14.467762
-3.610073	-14.008580
-3.757114	-14.918390
-3.097984	-13.987642
-2.303334	-13.114228
-1.417942	-14.113931
-0.714104	-14.320320
-1.085099	-14.071928
-0.097925	-14.643840
-1.088810	-15.517715
-0.370767	-14.764265
0.625525	-13.837059
-0.128262	-14.823747
-1.037566	-14.410396
-0.048153	-14.350842
-1.017577	-15.336833
-0.126271	-16.334035
0.474652	-17.282321
-0.463639	-16.303563
0.535044	-16.008785
-0.419656	-16.518454
-0.148276	-15.630831
0.588381	-15.735891
0.814039	-16.285878
-0.061822	-15.290153
-0.136422	-15.553250
-0.825921	-16.553184
-0.943334	-16.460310
-1.931823	-15.508436
-1.063576	-15.215284
-0.814318	-15.909307
-0.365804	-16.659467
-1.004064	-15.763876
-1.505537	-16.265450
-2.290898	-17.103748
-2.969719	-16.746453
-3.866058	-17.200525
-4.613371	-16.920972
-3.775041	-16.042991
-4.423167	-16.115932
-5.341609	-15.526423
-4.398600	-15.133943
-3.799862	-16.109501
-2.920528	-15.227189
-2.059270	-14.377459
-1.867934	-15.084869
-1.657773	-15.354085
-1.721065	-14.568294
-1.908411	-14.013067
-0.979213	-14.668548
-0.060315	-14.237114
0.879247	-14.998127
1.878928	-14.117950
2.714542	-13.551795
1.714553	-13.271472
0.933746	-13.671255
-0.006882	-14.520248
0.993086	-13.970091
0.048731	-13.500894
-0.043643	-13.697492
0.023248	-13.797342
-0.808836	-13.653049
-1.793985	-12.857738
-1.295350	-13.857612
-2.241105	-12.867885
-2.884498	-13.539513
-3.440482	-14.038498
-3.470959	-14.883462
-2.620432	-14.064978
-2.582904	-13.535133
-2.260850	-12.778322
-2.826399	-11.997128
-1.838489	-11.167942
-1.746950	-10.989391
-2.629627	-10.988553
-1.629796	-11.837816
-0.634710	-11.298548
-1.034613	-11.225232
-1.974001	-12.028899
-1.916548	-11.399454
-1.036057	-12.085766
-1.189007	-13.081195
-2.161758	-13.203956
-2.951785	-12.495160
-3.421491	-11.682683
-3.198784	-10.953686
-4.194739	-10.218670
-5.191563	-10.461833
-6.180039	-9.461904
-5.182224	-10.060085
-5.171117	-9.975700
-6.102224	-10.969624
-6.986861	-9.970348
-7.023758	-10.105064
-6.198034	-10.084486
-5.343276	-9.196379
-6.056306	-10.120465
-5.216153	-10.967810
-4.950301	-10.024264
-4.724312	-9.336760
-5.684033	-9.340129
-5.688138	-9.533717
-5.007616	-10.530860
-6.006326	-11.152128
-5.008352	-11.268780
-6.007928	-12.267399
-6.987715	-11.875688
-7.986049	-12.155576
-8.342474	-13.151102
-7.428899	-12.580659
-7.502880	-12.454092
-8.387012	-13.217039
-7.890942	-13.130082
-8.880720	-13.839135
-8.632781	-14.771077
-8.657375	-13.771663
-9.023119	-13.792152
-8.796063	-14.693515
-8.892022	-15.677671
-9.791358	-16.664934
-9.730067	-17.075809
-10.707607	-18.066015
-9.707826	-18.220015
-9.850937	-17.278438
-9.910887	-18.124411
-10.171377	-18.110348
-10.593243	-17.135029
-11.228910	-17.218496
-11.093758	-16.545081
-10.450246	-16.921678
-10.090725	-17.583820
-9.746058	-17.577142
-9.010404	-17.454620
-9.437438	-18.121881
-9.492827	-19.121816
-10.033089	-19.238298
-10.454272	-20.174755
-10.430948	-21.072720
-10.228562	-20.952732
-9.234845	-21.096045
-8.603965	-22.026301
-9.591529	-22.925611
-8.603219	-22.063310
-9.114067	-23.063157
-9.320392	-22.900971
-9.680735	-22.356656
-10.312802	-21.696881
-11.155299	-20.698677
-10.490335	-21.230450
-9.868897	-21.935761
-10.410235	-20.989547
-9.788319	-20.144434
-8.788737	-20.784446
-7.794601	-21.757486
-6.954994	-21.761296
-7.322700	-20.767171
-7.693153	-21.627739
-6.751793	-22.489255
-5.751799	-21.852358
-6.604306	-20.874584
-5.946861	-21.858176
-6.654959	-20.872449
-6.141575	-21.085896
-7.115445	-21.273107
-6.401580	-20.368985
-5.837258	-20.590116
-6.830992	-21.545453
-6.122758	-21.685930
-6.507119	-22.311183
-6.872159	-21.744854
-6.094124	-22.426651
-6.746332	-22.916604
-7.705665	-23.850250
-7.685153	-23.571248
-6.814365	-24.412854
-6.885829	-24.745755
-7.616193	-24.089929
-7.129295	-23.112490
-6.251796	-23.852549
-5.861327	-24.124692
-4.904864	-23.927522
-5.903478	-23.744401
-6.004831	-23.002135
-5.005765	-22.713321
-5.064627	-21.767427
-6.017248	-20.953763
-5.134972	-20.430014
-5.243094	-19.729378
-5.059236	-19.857870
-4.569529	-20.623417
-5.213282	-21.049564
-4.861453	-20.930387
-5.264909	-21.078847
-5.171686	-22.075246
-5.946644	-21.600655
-6.136225	-21.978977
-7.092727	-21.008448
-6.113428	-20.086439
-6.995303	-19.926521
-6.890924	-20.779115
-7.362491	-21.694785
-6.364975	-20.694785
-6.227788	-21.678837
-6.927749	-21.995805
-7.230600	-21.735259
-8.083459	-20.889985
-7.099019	-19.907950
-7.730282	-20.879608
-7.397882	-21.435821
-8.386084	-22.376795
-7.390623	-21.435551
-8.059937	-21.236188
-8.892055	-20.644067
-9.455264	-20.740824
-10.345433	-21.387207
-9.907806	-22.387045
-10.806357	-23.314796
-9.806536	-22.484947
-10.785877	-23.212251
-9.993625	-22.217660
-9.141518	-21.283583
-10.037723	-20.618625
-11.022398	-21.033640
-10.552842	-22.020295
-11.539771	-21.075892
-12.523301	-21.330250
-13.523256	-21.940015
-12.524850	-22.502477
-12.802497	-23.359265
-12.033976	-24.340940
-12.981250	-25.311965
-13.966193	-24.608321
-14.956249	-24.454118
-15.936647	-24.116142
-15.146389	-23.361815
-15.384773	-22.426072
-15.854956	-23.190683
-16.213776	-22.239640
-15.944734	-21.484551
-15.056706	-20.577369
-15.985376	-20.285664
-15.347726	-20.665355
-15.927966	-21.398459
-15.376622	-22.182015
-16.355452	-23.175939
-17.006247	-22.668414
-17.945068	-23.528743
-17.689947	-23.737653
-18.060923	-24.635344
-17.069929	-24.128800
-16.103506	-23.198296
-16.881588	-24.172047
-16.406178	-24.672916
-15.550444	-24.894103
-14.604788	-25.747040
-14.814450	-25.698266
-15.064954	-24.913279
-15.970447	-25.679040
-14.973629	-24.689638
-15.174057	-24.971692
-14.174685	-25.761457
-14.858189	-25.450517
-15.850326	-26.297628
-16.714825	-27.265399
-17.709425	-26.883052
-17.436338	-27.238926
-17.453664	-28.158975
-17.587486	-28.649557
-17.709195	-27.732279
-16.967893	-28.710481
-15.977622	-27.844936
-16.137320	-26.921097
-16.506489	-27.882738
-15.552873	-26.985762
-14.561593	-25.991162
-13.884468	-26.087744
-13.162630	-26.079039
-14.078585	-25.302074
-14.602607	-26.109370
-14.009220	-26.902087
-14.245858	-26.111442
-15.097648	-25.891674
-14.610107	-26.805909
-13.652201	-27.396090
-12.974956	-28.251825
-13.384637	-28.886184
-12.384823	-29.144927
-12.094682	-28.222850
-12.608469	-27.397594
-13.264462	-28.180329
-14.026648	-28.208676
-14.721691	-27.213908
-13.721884	-26.834273
-14.430468	-25.993028
-13.578024	-26.982089
-13.240732	-26.030137
-12.549050	-26.655311
-12.459498	-25.699300
-12.714814	-24.770952
-12.387392	-23.928301
-11.400643	-24.614084
-10.449849	-24.432847
-9.924268	-23.433060
-10.471981	-23.446864
-11.308713	-23.582317
-10.697223	-24.541365
-11.691448	-25.530961
-10.766356	-25.443201
-10.257568	-26.365050
-9.792829	-27.364916
-10.761759	-27.226064
-9.814951	-27.754753
-10.501070	-26.840566
-9.746654	-27.318206
-10.444685	-26.820293
-9.569133	-26.226972
-8.596500	-25.496353
-9.495667	-26.445931
-10.240218	-27.437916
-10.566828	-28.404215
-10.576005	-28.084691
-11.429818	-27.091492
-11.249949	-27.897305
-11.453094	-27.551663
-11.966437	-27.826838
-11.636210	-28.785325
-12.550083	-29.785285
-13.298852	-28.841888
-12.381089	-27.850349
-11.639098	-26.915960
-12.245369	-25.970507
-12.512986	-25.056149
-12.981329	-24.306889
-12.240025	-25.277385
-11.413089	-24.795945
-12.412947	-25.617686
-11.736246	-25.082808
-10.986443	-24.549573
-11.055773	-25.149328
-10.446253	-24.696717
-9.841999	-25.010249
-9.153919	-25.983742
-9.458971	-24.984328
-8.616437	-25.737203
-9.602950	-25.572026
-8.664998	-26.257326
-8.499881	-27.068266
-8.168148	-27.384292
-7.948060	-26.462316
-8.025998	-27.392730
-8.130459	-28.388235
-8.686158	-28.984324
-8.073661	-27.993266
-8.435048	-28.549487
-7.947424	-29.404309
-8.436713	-29.543321
-8.211971	-29.788365
-8.573792	-29.705147
-8.295695	-30.295705
-7.577161	-29.393625
-8.275525	-28.990450
-7.971625	-29.797409
-8.180138	-29.194675
-8.995496	-29.206525
-9.242201	-30.064526
-8.886741	-29.717939
-9.789533	-29.941824
-8.829785	-28.964769
-8.737945	-29.961154
-8.017484	-30.526898
-8.913303	-30.815908
-9.808523	-30.042885
-8.951203	-29.047082
-8.383356	-29.727422
-7.721417	-29.923939
-7.423992	-29.874252
-6.447483	-29.300747
-6.997265	-30.300722
-6.689260	-31.300097
-6.708235	-31.363871
-7.547549	-31.026211
-6.589337	-31.877983
-5.596366	-31.883402
-4.875728	-32.883047
-4.966087	-32.883302
-5.509648	-31.950990
-6.467047	-32.460186
-6.958319	-33.200606
-6.530029	-33.290823
-7.526379	-33.013696
-8.520610	-33.990346
-9.494026	-34.099843
-8.757917	-34.787021
-8.874495	-35.278867
-9.586916	-35.414270
-10.487193	-35.212586
-9.508874	-34.537927
-8.823938	-34.859359
-9.558400	-34.909544
-9.904962	-34.239409
-8.906235	-34.020428
-9.799445	-34.260535
-8.848178	-33.703439
-8.373477	-32.975907
-9.150278	-33.893364
-8.692694	-33.350568
-9.503257	-34.320904
-10.278637	-34.438441
-11.121068	-35.134916
-12.043525	-34.159883
-12.848802	-34.909042
-12.827954	-34.162223
-12.811456	-33.492627
-13.201141	-34.215792
-12.425748	-34.169422
-12.453776	-33.577858
-11.489251	-32.697601
-12.129883	-32.743908
-12.226225	-33.672257
-11.507198	-34.384774
-12.506797	-33.427426
-11.530751	-34.035785
-10.531948	-34.483459
-11.391613	-35.062827
-12.345066	-35.865987
-11.961155	-36.674115
-12.168221	-36.309538
-11.956404	-36.532717
-11.508918	-36.718486
-12.343567	-35.742482
-13.316490	-34.892722
-14.069421	-35.372497
-15.067569	-35.215960
-15.966236	-36.203604
-15.453789	-37.143548
-16.047539	-36.270670
-15.049063	-36.926867
-14.905298	-36.933142
-14.524309	-37.710434
-15.342994	-38.477091
-16.342102	-37.941600
-17.339835	-36.972888
-18.321477	-37.933727
-17.863356	-38.726249
-17.769567	-39.720485
-16.863269	-40.710796
-16.074928	-39.796144
-16.671893	-40.458203
-17.214328	-40.917327
-17.985659	-40.021022
-18.720435	-39.778254
-19.719171	-40.414983
-20.291883	-41.410571
-21.066951	-42.252407
-21.781780	-41.290021
-22.773719	-42.018876
-23.518518	-42.212058
-22.642543	-41.699079
-23.100048	-40.699456
-23.216990	-41.238341
-22.226073	-42.088996
-22.642760	-41.373335
-21.652187	-41.164958
-21.701830	-40.258475
-20.737288	-39.519690
-21.737012	-39.980019
-21.262584	-39.953242
-20.871157	-40.846313
-20.938297	-41.806872
-21.447282	-41.140606
-20.447304	-40.351266
-19.451126	-41.023491
-18.696249	-40.619491
-18.986925	-41.590795
-19.415891	-41.190221
-19.738959	-40.352790
-18.916506	-39.664762
-19.897555	-39.213954
-20.750678	-38.243734
-21.536229	-37.515360
-22.089766	-38.152456
-21.146207	-38.244617
-20.358640	-37.505988
-20.888948	-38.250405
-19.991997	-38.225448
-19.993944	-38.661605
-19.399879	-39.657611
-20.359290	-38.660748
-20.038579	-37.660789
-19.089145	-36.964777
-19.497992	-37.964731
-20.473288	-38.947869
-19.778325	-39.353560
-19.171892	-39.604427
-18.556885	-38.604549
-17.710892	-38.528831
-17.061817	-39.312128
-16.061953	-39.112986
-15.064327	-38.274047
-15.570424	-38.776894
-16.135417	-38.269119
-15.576911	-38.233449
-14.994246	-37.595119
-14.950711	-37.886360
-15.595978	-38.821225
-14.706367	-37.920011
-15.644597	-38.168933
-14.837827	-39.084028
-15.824053	-39.367199
-15.663277	-40.043135
-15.365138	-39.293872
-14.579113	-38.447513
-13.580517	-37.816433
-14.271009	-37.938053
-15.222612	-37.708601
-14.425809	-38.667404
-15.380824	-39.665823
-15.630515	-40.269183
-14.949934	-39.977574
-15.888556	-40.970278
-15.276366	-41.705836
-14.433982	-41.175792
-13.960940	-40.243306
-13.133966	-41.033967
-12.523491	-40.127356
-12.606719	-39.308508
-13.565467	-38.576660
-13.952781	-38.242009
-14.943263	-37.885572
-15.837909	-38.320962
-15.010303	-37.424390
-15.172023	-37.715018
-14.251978	-37.625212
-13.664285	-36.684459
-12.737800	-37.646607
-11.763025	-38.148801
-12.286111	-37.811527
-12.753213	-37.869222
-12.727674	-37.400633
-12.162057	-36.770129
-12.214111	-36.275110
-12.284861	-35.332458
-12.055024	-34.880887
-12.685017	-33.885285
-13.679606	-33.471967
-13.330473	-33.944263
-14.104340	-34.440343
-13.398208	-34.160844
-12.488889	-33.173390
-13.077409	-33.216693
-12.084298	-33.873431
-11.242100	-32.965728
-11.730531	-31.969207
-11.259246	-32.479764
-11.799832	-32.589974
-12.145323	-32.006329
-12.954357	-31.728096
-13.775562	-30.805632
-14.758208	-29.808388
-15.712786	-30.094959
-16.057400	-30.885442
-17.037218	-31.830166
-17.961167	-32.665106
-17.382317	-32.628480
-16.470949	-33.576369
-17.467755	-34.091920
-18.330532	-33.487211
-18.222114	-32.981292
-18.891097	-32.608408
-17.891112	-31.643794
-16.927790	-30.703526
-17.276682	-30.354426
-17.865286	-29.385734
-18.549109	-30.289307
-19.533552	-29.796553
-19.382025	-30.660144
-19.525476	-29.721928
-20.506640	-28.752663
-19.532840	-29.664559
-19.322487	-30.272619
-20.317623	-29.281316
-19.950856	-29.869428
-20.445491	-29.605685
-19.450316	-28.656620
-18.653636	-28.760093
-19.486040	-27.964070
-19.727354	-26.990627
-20.572431	-27.756919
-21.458563	-26.774708
-22.426230	-26.162788
-22.746816	-25.168074
-21.819591	-24.986683
-22.788383	-24.798356
-23.206136	-24.819428
-22.631324	-24.219904
-23.437853	-24.977589
-24.137492	-24.010434
-25.110922	-23.755791
-25.120815	-23.888163
-25.667182	-23.097503
-26.666759	-23.491899
-27.666720	-24.454914
-27.493169	-23.912846
-28.404240	-24.865960
-28.778865	-25.494683
-27.956293	-26.146775
-27.251037	-26.982108
-27.878316	-27.843752
-28.260908	-28.088328
-27.771664	-27.870319
-26.848985	-28.284493
-26.046880	-27.895001
-25.877670	-28.659987
-26.867519	-28.481035
-26.330403	-29.387728
-27.074266	-30.246509
-27.044263	-30.908264
-28.009332	-31.052189
-27.020600	-31.688734
-26.858315	-30.715925
-26.658787	-31.619878
-25.848835	-32.169496
-26.839024	-32.432387
-27.736584	-33.293782
-28.736405	-34.292291
