0.000000	0.000000
-0.307925	-0.402969
-0.671783	0.176276
0.328109	0.692498
1.296220	0.820073
2.046470	1.771242
1.743798	1.780851
2.402499	2.111983
1.659172	3.010681
2.640591	3.783346
2.874413	2.846076
2.269787	2.810952
1.273465	2.520427
2.089061	2.574798
2.935894	2.734555
3.489913	2.186759
3.703332	2.970207
4.248266	2.813522
3.287875	3.659909
2.522883	3.149540
1.886689	2.160572
2.106693	1.787739
2.264315	0.979645
3.263323	0.351048
4.247895	0.499021
5.227305	1.415387
5.710763	0.757341
6.143044	1.670913
6.672364	2.156241
6.216619	3.156237
5.275982	4.028784
5.826280	3.037381
5.446284	3.043792
5.161718	2.261330
5.688849	1.711238
4.754012	0.763913
4.086288	1.753964
4.030276	0.977252
4.747446	-0.017693
3.769349	-0.829328
3.817251	-0.428005
4.794871	-0.952840
5.748640	0.019660
6.574278	0.987941
6.305931	1.979982
5.336906	1.164926
4.532819	2.109934
3.800579	1.140251
3.467482	0.632088
2.556576	0.846056
2.996282	0.908342
2.886122	1.180733
2.964891	1.235049
2.570422	1.895096
2.524183	0.914206
3.498739	0.912541
3.714188	0.898437
4.564517	1.894558
4.811112	1.849296
3.824600	1.826786
3.995292	1.424533
3.397709	0.733725
3.478422	0.553591
2.985242	0.297685
3.740877	-0.291244
4.739946	-1.257916
5.583244	-0.269679
6.092894	0.528664
5.886512	0.657592
5.811956	0.818510
5.745483	1.807066
4.758785	1.957127
4.923572	1.299645
4.861092	1.702567
4.078635	2.676924
5.002707	1.799659
5.600646	2.768994
4.647561	3.429677
4.580446	2.451275
5.475188	3.249166
5.066041	2.841596
5.683012	2.292008
5.946136	2.421750
5.881794	2.480099
4.881794	2.490338
3.887119	1.492605
4.027849	1.755985
4.111040	2.057940
3.557341	1.912648
4.308190	2.909004
4.672377	2.011690
5.505505	2.860477
6.266832	2.585535
6.102956	3.301630
5.635206	2.492168
4.643083	2.557347
3.776980	3.260848
2.979142	2.293738
2.183181	3.128713
1.985685	2.524019
1.426876	1.569288
0.877149	1.132748
1.415573	0.515433
2.405078	0.533665
3.093755	-0.011379
3.160866	0.365944
3.041859	-0.428187
2.231940	-1.261265
1.429276	-0.558415
1.639735	-1.546839
1.790987	-2.543105
1.704017	-1.762572
2.466252	-0.915326
3.062110	-0.969135
2.646994	-0.543620
1.819151	-0.379487
1.956207	0.003671
1.140374	0.421521
2.103580	-0.268586
1.187597	-1.152068
0.204696	-0.265076
0.971891	0.732753
1.395632	1.702238
2.190472	1.227932
1.334685	2.132679
0.999434	3.056867
1.937579	3.308911
0.977465	4.180091
0.249870	3.242427
-0.193504	3.619597
0.519994	4.112906
1.371672	4.915701
1.986124	3.995636
1.108968	4.590416
0.757549	4.502485
1.659620	3.646986
1.277618	2.737273
2.097158	2.782868
2.877316	3.735641
3.778386	3.603874
2.787013	4.307408
2.530183	3.841183
1.665143	4.840903
1.636970	3.882443
2.582589	4.350894
3.208253	4.781367
2.208655	4.444867
1.324891	3.638811
0.646370	2.803972
0.650024	2.426875
1.124979	1.523233
1.281949	2.298333
0.282053	1.578900
-0.384468	0.964610
0.511915	0.003822
1.213171	-0.553130
2.086173	-1.413960
2.561264	-1.397869
3.409822	-1.897562
3.140055	-1.673248
2.608856	-0.860337
3.391897	-1.692183
4.213867	-1.875446
3.214878	-2.865689
2.520711	-1.866542
2.018225	-0.913789
2.903407	-0.553247
2.356847	-0.075310
1.968386	-0.226014
2.955101	0.427774
2.536190	1.245138
3.528773	0.248118
4.525569	1.063773
4.464471	1.523299
5.373180	1.195203
6.135633	1.743365
5.852195	2.724249
5.843990	1.774561
5.832453	0.775237
4.848386	1.461053
5.845340	2.401204
5.412985	1.868335
4.756180	1.013437
4.267562	0.701137
3.625856	1.482664
3.111202	2.386635
2.112984	3.300239
2.981271	3.320608
2.000849	4.156964
1.103509	3.926637
1.895754	3.009518
2.835896	2.422717
3.657917	3.365623
2.847033	2.550226
3.777061	2.118517
3.914963	1.679608
4.628204	2.232179
5.154658	1.233985
5.194652	2.108740
4.939987	2.719261
3.954036	2.998597
3.740797	3.224170
3.095176	2.270074
2.116557	1.394240
2.750340	2.010711
2.078975	2.236785
2.330493	3.162339
1.674386	2.223515
0.675575	2.451507
0.109433	2.773233
1.086115	3.447640
0.376565	3.979091
0.619305	4.953321
1.200685	4.749573
0.457767	4.394565
-0.193227	3.858678
-0.991710	4.332834
-0.048299	4.111743
0.667784	4.242235
0.944815	4.353742
0.083726	5.204146
1.026552	5.909667
0.040256	4.979476
0.946687	4.862753
0.801355	5.370819
-0.101453	4.435707
-1.080059	3.494401
-0.883262	2.495122
0.109924	1.764991
-0.130838	2.343232
0.248758	2.792319
-0.130198	1.825077
0.443529	2.823795
0.477256	3.009830
0.397119	2.700550
1.352790	3.599616
1.115468	4.195728
0.791432	5.114691
1.051205	4.120309
1.550117	4.003637
1.964159	3.435771
2.206990	2.459801
1.394606	2.412624
0.427610	2.897098
-0.289381	3.774304
0.144201	2.846368
0.179236	3.589094
-0.623680	4.191163
-1.399348	4.973517
-2.295859	5.696113
-1.461596	5.855530
-2.413905	5.175952
-3.301568	5.978004
-2.966352	6.715569
-2.105587	6.536040
-1.348870	7.108809
-2.260566	7.684127
-1.880181	7.486277
-1.036021	8.477502
-1.797681	7.504680
-2.730656	8.471974
-3.719682	7.552182
-4.268266	8.260357
-3.401173	7.265591
-4.394960	7.203138
-3.746777	7.843928
-2.751537	8.766880
-1.752871	8.395084
-2.723018	7.471509
-1.821926	8.174066
-1.610545	7.256850
-2.596281	8.061096
-1.742735	9.036751
-2.166164	9.054508
-3.104266	8.090126
-3.318511	8.075608
-2.452766	9.073322
-2.858484	10.071726
-3.517324	9.077097
-2.518374	8.256161
-2.683797	7.465773
-2.596131	8.463422
-2.102441	9.462770
-1.667905	8.738820
-0.731087	7.738820
0.268447	6.897115
-0.648366	7.035249
-0.292312	7.172090
-0.209875	7.098970
-1.202742	8.005326
-1.009453	8.949594
-1.418766	9.702275
-2.338628	9.706210
-3.127293	8.755789
-3.019873	9.406108
-3.622540	9.676514
-3.573909	9.006210
-3.909653	9.541607
-3.212989	10.253310
-2.242738	11.169085
-1.530327	11.440691
-0.542626	11.799599
-1.533327	12.778242
-0.657847	13.754354
-0.791303	14.338544
-1.584209	14.016045
-2.403006	13.542013
-1.537060	13.748925
-0.654693	13.886888
-0.153804	12.959080
0.508873	13.080989
0.400600	13.706462
-0.254234	13.938245
-1.248107	13.994989
-0.729717	13.647124
-1.182725	13.892553
-1.990544	12.941180
-2.983456	13.635042
-2.115724	14.218925
-2.949467	13.425287
-2.631663	13.495518
-3.463494	14.089419
-2.551868	13.192765
-3.461881	12.401115
-2.899679	13.396401
-3.862106	13.523398
-3.887173	14.509568
-3.192678	15.145252
-3.582481	14.353398
-4.389258	14.497444
-4.092148	15.484353
-5.086806	14.537887
-4.098207	14.522167
-3.209037	13.900141
-4.011596	14.772600
-4.981627	15.723145
-5.530382	16.463660
-6.344792	17.451314
-5.978337	17.641747
-5.292172	17.421712
-5.576924	16.535278
-4.581386	16.795911
-3.630499	17.446659
-3.050910	18.442988
-2.999321	17.443085
-3.058123	17.195630
-2.073550	18.194637
-1.994993	18.219361
-2.023845	17.296993
-1.225708	16.477556
-0.232194	16.868043
0.368698	17.636205
-0.539149	17.938495
-1.197529	18.629532
-2.190868	17.634130
-2.743919	16.649101
-3.670611	17.530720
-3.247447	18.174930
-4.179516	17.994632
-4.755885	18.944150
-4.922499	19.567574
-4.383580	18.567610
-4.971542	18.096529
-4.938337	17.532150
-5.713609	16.714448
-6.649242	15.998761
-5.799999	16.534542
-4.803068	15.699107
-4.160174	15.000268
-3.185604	15.835205
-3.949740	16.523237
-3.222178	15.638289
-3.486268	15.269389
-3.272360	16.072694
-2.424635	15.334863
-3.000551	14.587366
-3.068329	14.542810
-3.821435	14.011026
-4.723639	14.785562
-4.324654	15.021036
-4.055426	15.738141
-4.565682	15.062408
-4.361406	14.244966
-5.331065	13.459163
-5.490317	13.003635
-4.493845	12.146524
-3.534411	12.769086
-4.532801	11.918169
-3.575763	10.955020
-3.205069	10.693179
-4.097259	11.531109
-4.934074	10.671583
-5.441975	10.533358
-5.466224	11.091467
-4.732705	10.714834
-4.057690	10.191386
-3.141962	9.234389
-2.867582	8.255893
-3.816971	9.121261
-4.458305	8.133967
-3.617984	8.952346
-4.382348	8.195333
-5.341567	7.508235
-6.328953	7.500621
-7.186153	8.358968
-8.153230	9.205594
-9.152487	9.522098
-8.152792	10.363293
-7.169558	9.364493
-7.190354	10.166522
-7.521181	10.826048
-6.592440	11.823138
-6.179336	11.031761
-5.219410	10.296924
-4.840935	11.213175
-5.458660	11.785819
-5.978281	10.786428
-5.009121	11.459103
-5.721149	11.548982
-6.455944	12.517549
-6.022100	12.986513
-6.709729	13.903556
-6.020346	14.646399
-7.007396	15.484358
-6.232668	14.494186
-6.578778	15.016110
-5.820608	15.759137
-6.406035	16.718957
-6.227158	16.104789
-5.331521	16.642731
-4.452642	17.621810
-5.451771	17.118779
-4.466189	17.324564
-4.767317	16.512063
-3.811177	17.417003
-3.169229	16.428455
-3.969456	17.421788
-3.123096	17.255525
-3.938165	16.865581
-4.336980	15.901367
-4.594310	15.844595
-3.864912	16.409439
-4.490911	15.417613
-4.801496	14.941204
-5.511343	14.228004
-4.513893	15.185676
-3.672982	15.215364
-2.942454	14.824273
-1.970397	14.333288
-2.824687	13.824113
-2.009659	14.145455
-2.383120	15.097894
-2.811489	14.113862
-2.352645	15.098543
-2.900266	15.032123
-1.904594	14.287630
-2.904547	14.900969
-1.933098	14.127232
-1.223991	13.130140
-2.149601	14.130117
-2.807312	14.573688
-3.763029	15.563057
-2.880353	16.000715
-2.627262	15.336661
-1.629075	14.378629
-1.323690	13.849315
-1.287292	13.921646
-1.041694	13.460672
-1.148045	13.687243
-0.848867	13.053742
-1.805662	13.976004
-1.760727	14.276003
-2.021070	15.257132
-1.184623	16.125355
-0.191613	16.949210
-1.063148	17.619588
-0.920598	17.407449
-1.475941	16.466791
-2.261773	15.719052
-3.140152	16.289070
-3.666169	16.979526
-4.061544	16.422903
-3.390006	16.265224
-2.909362	17.011756
-3.835447	17.208032
-3.877325	17.838318
-3.679297	17.751586
-3.127779	17.687597
-3.235310	18.083071
-3.674911	19.057632
-4.521317	19.624889
-5.008337	20.538565
-4.083203	21.428612
-3.361675	21.702418
-2.998846	21.965731
-2.364687	21.166983
-1.848645	22.055176
-1.793404	21.097590
-2.107077	20.569238
-1.583925	21.566938
-2.312733	21.079935
-2.994196	20.229967
-3.906544	20.065146
-4.486687	19.202113
-5.327420	19.365133
-4.599557	19.375698
-3.879506	18.406029
-3.482739	19.321359
-2.731111	19.708947
-3.369047	20.648674
-4.360406	20.653568
-3.815528	21.435036
-4.279340	20.937310
-3.351229	21.655607
-4.350593	21.059407
-5.020076	21.769691
-6.011625	21.785936
-5.037060	22.073526
-6.020575	22.997336
-5.288569	23.681884
-5.816897	23.687946
-5.095203	23.932679
-4.844909	24.869784
-5.459378	24.307171
-6.144353	25.283661
-5.898330	24.651245
-5.687549	25.385670
-5.676663	25.652324
-5.899772	26.584433
-5.420763	25.618219
-5.155811	25.850078
-4.288096	24.928340
-5.264484	24.249462
-5.370833	24.213551
-5.024786	23.558152
-4.271706	23.356273
-5.023002	24.352387
-4.023968	24.914584
-4.988172	24.153415
-5.355573	23.632560
-4.472495	23.505268
-4.140634	22.543126
-3.373978	22.864699
-2.854740	23.755278
-3.497423	23.708861
-2.519704	23.292135
-3.480643	22.623998
-3.512219	22.146185
-3.419491	22.071286
-2.558755	21.813729
-3.361005	21.996676
-4.359368	22.974648
-4.455022	23.075661
-5.177460	22.141243
-4.455336	21.723365
-4.637983	21.995407
-5.592288	21.841424
-5.592814	22.683246
-6.478889	22.163558
-7.474094	21.782618
-6.644782	21.895899
-7.644020	22.662379
-8.307582	21.664871
-8.505557	22.394946
-8.509917	23.339424
-7.661568	24.144270
-7.511331	23.664211
-8.422329	23.719191
-7.501087	24.647030
-7.805351	25.565210
-7.078772	25.690370
-6.947335	25.251809
-7.908367	25.119851
-7.054098	25.810275
-6.275790	26.244058
-5.343920	25.288440
-4.497842	24.889565
-3.954599	25.876251
-4.417176	26.242528
-5.248668	26.701235
-5.900347	26.732299
-6.796898	25.974062
-5.905173	25.940292
-6.514478	26.704098
-6.110375	25.882419
-6.555986	26.824683
-7.018614	26.500604
-6.304425	27.480498
-7.284947	26.511292
-7.817153	26.974079
-7.618605	27.569933
-7.437520	28.293329
-6.463408	28.979626
-7.289460	29.947827
-6.864058	29.020301
-7.530480	29.287408
-7.875247	28.323777
-8.301008	29.004796
-8.066465	28.115874
-9.059269	27.937583
-9.528607	27.102158
-9.690116	27.109741
-10.480802	27.927602
-10.288716	27.482602
-9.354343	27.122929
-9.942263	27.967957
-8.978602	27.536241
-9.220703	27.058177
-8.268367	26.120252
-8.025239	25.128615
-9.024822	24.663459
-8.884315	23.735110
-9.569118	23.440709
-9.209085	24.277329
-9.033027	23.307989
-8.344857	23.001446
-9.289719	23.563398
-10.239224	23.243857
-11.174789	22.251766
-10.468405	22.255127
-10.942358	23.242681
-11.479915	24.217839
-11.195439	23.900419
-10.923809	22.900651
-11.550427	23.398117
-12.544613	24.195200
-11.545293	23.195748
-10.580857	23.949220
-10.843480	24.753816
-11.834006	24.665175
-11.199997	23.851998
-10.279059	24.375065
-9.340666	23.716086
-9.981133	23.061386
-10.729315	24.057219
-9.971230	23.083943
-10.940328	22.094134
-9.940363	23.093365
-10.119510	24.053468
-9.119667	24.809563
-9.839875	24.684326
-10.837755	24.017584
-10.930101	24.218580
-9.937717	23.867976
-10.681141	23.853718
-9.779382	24.004587
-9.209018	24.754077
-8.445397	25.721966
-8.449440	26.721943
-8.005776	27.467437
-9.000968	27.077385
-8.428452	26.736979
-8.683406	25.912338
-8.380122	26.336393
-7.430198	27.294507
-7.158120	26.410439
-7.322262	27.352968
-7.563391	27.280621
-7.425530	28.273426
-8.384965	28.917547
-8.251079	28.248608
-7.592089	27.793353
-7.582814	26.793508
-6.918361	26.788275
-5.918419	26.524361
-6.581023	26.611556
-5.795815	26.726024
-6.702830	26.124641
-7.170374	25.388058
-6.191787	26.081664
-5.679755	25.195996
-4.729896	24.831901
-4.050267	25.678337
-5.005530	25.106325
-5.782113	25.659404
-6.041093	26.344645
-6.290397	27.175945
-6.626902	27.416255
-5.785959	27.790478
-4.814019	27.258463
-5.609717	26.686371
-6.406838	27.654689
-5.526553	26.771349
-4.744704	27.327669
-5.712384	26.878480
-5.499660	27.838810
-5.482654	26.977206
-4.873278	26.310150
-4.414268	26.887332
-4.184742	25.908208
-5.184315	26.381970
-4.661421	27.342699
-4.565770	27.548262
-5.066000	28.333591
-4.235393	27.609663
-3.293390	28.555847
-3.141714	28.857129
-3.977104	29.799191
-4.157923	29.890280
-4.403272	28.892952
-5.252078	28.926464
-4.273943	29.784138
-4.752364	29.135322
-3.797170	29.113348
-4.044085	28.251590
-4.268816	27.275754
-3.413776	27.593711
-2.415630	28.395231
-1.553134	27.561389
-1.812399	26.660761
-2.035226	27.483542
-1.323711	27.411155
-1.029651	26.433061
-0.626899	26.895099
-0.330509	26.729227
0.065508	26.075263
1.056660	25.259455
1.228549	26.066315
1.139310	25.176212
1.747641	25.335667
1.211804	26.106803
1.583111	25.662738
0.734292	24.713350
0.554442	24.686919
-0.410585	24.768256
-0.868829	23.769077
-1.502227	24.079496
-1.534135	24.912441
-1.032638	25.344194
-0.926741	26.079582
-1.744622	26.376133
-0.751048	25.697279
0.043188	24.699038
1.024695	23.962193
0.163178	23.066736
-0.386740	24.066193
0.587192	24.266674
1.001497	23.944321
0.884102	23.700460
1.821871	22.711331
0.875109	23.385714
-0.107249	22.856998
0.385315	21.869173
1.295395	21.858878
1.581567	22.807727
0.911528	23.426743
0.328619	24.240137
1.325523	25.239664
2.102999	25.126006
2.818715	24.189441
3.159203	23.975719
4.083713	22.982744
5.083621	21.983397
4.651525	22.974802
4.372790	23.670457
5.372656	22.850952
5.433952	23.054033
5.487088	22.509051
5.840027	21.622278
4.996014	21.551856
5.691495	21.284680
4.951659	21.430940
4.608410	22.043470
4.431812	22.557837
3.716105	21.976705
4.498415	22.887444
5.169221	23.165129
6.122428	23.915773
6.434634	24.906032
5.604005	25.470667
5.015152	26.041027
5.950853	26.579230
6.639301	25.626105
7.639268	26.014268
6.654211	25.471156
7.600848	24.643571
6.646605	25.042008
7.322951	24.248383
7.803891	23.452587
7.690354	24.415975
6.735076	25.122504
5.968408	24.612404
5.092364	25.456182
4.906983	26.438992
4.146153	27.151999
3.743598	28.149069
2.761001	29.147625
2.288842	29.732411
3.256846	28.847118
2.282270	28.927591
2.191928	28.825591
2.818045	27.902265
3.771098	28.890820
3.271963	27.909597
3.967292	27.512072
4.964302	27.031139
4.595801	27.730500
5.104589	26.738402
4.898095	26.078840
5.849974	26.957278
6.847271	27.951997
6.007959	27.694556
5.020190	28.691110
5.954584	28.788037
6.875399	29.344584
7.859662	30.296867
8.742913	30.953686
9.739389	30.239348
8.976329	29.334010
8.410379	29.235014
7.660791	28.456767
8.485632	28.003843
9.478752	29.001592
8.917543	28.005696
9.525224	27.389847
10.443302	28.226531
11.136762	27.394715
10.822932	27.998268
11.697921	27.222880
12.432990	26.435829
13.389177	25.638613
14.326957	25.448832
15.305799	25.873501
15.857313	26.662289
15.857288	26.679694
16.547019	27.429299
17.188428	27.222011
16.937838	28.059041
17.079066	27.723146
17.863144	28.436896
16.914194	28.177887
15.933411	28.642865
15.181853	29.635327
15.607103	29.421987
16.299256	28.468378
15.528661	27.980878
14.586688	28.310975
15.351426	28.175133
14.356643	27.181852
15.072760	28.176638
15.205754	27.176703
14.527561	27.914447
14.309082	27.442048
13.322193	27.087942
13.993692	27.573916
13.591416	28.065284
12.873139	27.245844
13.415737	27.196767
14.299243	26.348467
13.312972	26.035014
12.663435	25.533691
13.339748	25.035524
12.688473	24.036431
11.761757	23.347985
10.764450	24.263904
11.375337	23.285209
12.295794	22.299341
13.156427	21.315730
12.838354	20.674275
12.658672	20.273344
13.640881	20.504570
14.635772	21.053059
15.382880	20.162581
14.574648	19.925273
13.578312	19.477960
14.426405	18.664864
14.976026	17.681804
15.075723	18.642963
14.101356	19.602525
14.963237	19.755428
13.971373	20.747582
13.918113	20.242742
14.917190	19.356208
14.264984	18.395356
13.341375	18.900740
13.209956	19.103807
13.932608	20.103337
14.639964	20.139399
15.516068	21.127240
16.495428	20.721814
16.798259	20.031485
15.936467	20.302309
15.390435	21.210380
15.395809	22.149507
14.642356	23.014101
14.838289	22.457862
13.917658	22.209980
12.919497	21.780364
13.147966	20.984180
12.985356	21.970941
13.909834	21.680072
13.550654	22.043581
13.870729	21.637317
14.788605	20.961618
15.331985	21.164772
14.384165	21.428415
15.232816	20.672879
16.089985	20.250734
17.050436	21.110659
17.135429	21.532359
16.648416	21.420481
16.129464	22.414702
17.064440	21.530013
17.394631	20.538726
16.972322	21.018012
17.929123	20.341018
17.228822	19.552494
16.789276	19.987468
17.030890	18.988572
16.661015	19.313022
16.817949	18.314501
17.644847	17.393355
16.926052	18.301267
16.890032	17.433391
15.895348	17.554219
16.711780	18.473118
17.711739	18.871342
16.840500	18.525070
16.765182	19.509523
16.298359	19.156684
15.980686	18.446261
15.053164	18.009005
14.925801	19.006412
14.306194	19.122469
15.299120	18.256484
14.321954	17.257228
13.430057	16.532018
12.494589	16.827020
12.864410	15.879429
12.645762	16.765513
12.443112	15.842579
11.446034	14.861541
11.460450	14.438663
10.938917	14.377728
11.514394	15.237254
10.558949	15.523123
11.529270	15.606465
10.792461	16.599683
10.781049	15.602436
10.550298	16.596652
9.723777	17.596476
10.721395	16.720638
11.433575	17.137739
12.153076	16.216437
12.838686	15.666194
13.835277	14.847287
13.005997	14.688912
12.091382	13.867774
11.129659	14.859021
11.649292	14.230201
10.729816	13.567257
11.654679	13.408127
10.963865	13.753219
11.007130	13.070702
11.420866	13.259140
12.177930	12.739572
11.971123	13.339131
11.103715	12.787524
10.126249	13.747953
9.942391	12.891659
10.703430	13.856093
9.705779	14.819346
10.119506	15.285368
11.063766	16.274293
10.718629	16.909993
11.455889	16.182705
11.299398	15.838240
10.506078	16.633690
9.743823	17.452608
9.843810	17.026455
9.125866	17.845051
9.677411	18.691434
8.726929	18.242336
9.638023	18.139202
10.318207	19.110550
9.716160	18.111437
8.716539	18.949260
9.667624	19.847921
9.760216	19.826530
8.936612	19.569779
9.721969	19.708065
8.871912	18.835510
7.989767	17.900157
8.387792	16.970160
9.356771	17.457916
8.627931	16.960845
8.730068	16.730522
9.612901	17.707775
10.378924	16.915944
10.690656	16.791649
11.604948	15.970697
11.522556	15.540616
12.522100	14.567311
13.304600	15.565357
13.513246	15.634368
13.709111	14.995456
14.687598	15.932209
14.505917	16.575046
15.505909	16.016976
15.822190	15.773690
15.369999	15.298817
14.407429	15.839742
15.154448	16.052570
14.804197	17.042018
14.375974	17.001206
14.642722	17.653973
14.038697	17.308726
15.003356	18.087086
14.882729	17.280251
14.066664	17.191100
13.532976	17.878157
12.709800	18.815748
11.811893	19.522068
11.475544	19.078314
12.457125	18.461378
11.479943	19.250482
10.494362	19.719784
9.550880	19.190966
8.588192	18.191167
8.988457	17.437096
8.927644	17.578410
8.922319	16.927037
9.900201	17.893086
10.883565	16.947575
11.815640	16.527462
12.055640	17.122363
13.003654	16.459515
12.725393	16.327954
12.663538	16.913068
13.493517	15.921549
13.216264	15.200193
13.918843	14.206337
13.645817	13.767801
13.026309	14.767798
12.569864	15.649719
13.325578	15.140011
13.667617	15.892227
13.988402	16.739588
13.091487	17.612716
13.719785	16.875627
13.644211	17.298848
14.625910	16.377595
14.228050	15.381675
14.492432	15.835522
15.148347	16.783439
15.482535	17.204360
16.386914	18.104355
16.704849	17.350845
17.491278	17.013057
18.243140	17.994721
18.097353	17.988858
18.433715	17.513480
17.779220	17.529972
18.649215	17.141266
19.122241	16.774221
18.213077	16.235964
19.211207	15.654005
18.387525	14.713954
17.881335	13.769662
18.611861	13.953247
19.402146	14.869984
20.216552	15.086895
19.565630	15.674546
19.087291	15.479594
18.524236	15.134706
18.528652	15.812227
17.588002	15.471709
17.262997	14.982637
16.328503	15.645156
16.942049	14.653434
16.488459	15.115858
15.846439	15.977674
16.836598	16.973239
17.819729	17.756334
18.790792	18.561316
19.258360	19.345062
18.283386	18.353834
18.719678	18.949270
19.195236	18.135718
18.523330	18.238018
17.696932	18.906647
18.359266	18.657441
19.286104	19.527314
20.008948	19.548248
19.063156	18.553481
19.212294	17.857894
19.762883	17.108713
19.997941	18.012327
20.806108	19.010905
19.832102	19.775824
19.059894	20.530887
18.860449	19.739743
19.695544	19.987807
20.658004	19.514794
20.296502	18.984330
19.468459	18.010263
20.453494	19.001988
19.991627	18.472402
19.065623	18.150431
18.228638	18.094124
18.005076	17.348112
18.683211	17.698141
17.683223	18.184524
16.965683	17.599435
16.526572	18.440387
16.451750	17.467612
15.461998	17.593180
14.550647	16.929460
13.558422	16.780643
12.585461	15.810529
13.344787	15.456277
12.344929	15.966380
12.576189	16.860989
13.575929	16.047390
13.440913	16.613561
12.814598	16.703479
13.785888	16.635126
12.821470	16.401869
11.983013	16.883899
12.635136	16.369904
12.703867	15.662886
12.005071	14.665660
12.795448	15.605214
12.077893	16.311440
11.879126	15.799504
12.392452	14.925990
13.014414	14.059264
13.878698	14.483278
14.431197	13.960695
14.249602	13.525793
13.842695	14.283260
12.984970	15.073703
13.688091	15.342752
14.468107	15.555776
15.182265	15.739045
14.453653	16.499625
15.278446	16.542191
15.988589	15.589999
16.290686	15.579414
16.746860	15.093865
15.882466	15.942154
15.883895	16.931748
16.883253	16.066745
16.333336	15.253571
15.453499	15.642674
14.575751	15.032364
13.679596	15.072668
13.676782	16.021900
14.628283	16.803673
14.733428	17.689418
15.203155	18.486008
14.228114	18.948543
14.798179	18.104389
15.509457	18.896022
16.036593	19.208333
15.886831	18.738839
15.118856	18.890015
15.710511	19.502555
15.345277	20.440055
15.383326	21.432695
15.339105	20.573813
15.848995	19.658911
15.371854	20.166379
16.367295	19.183384
15.433264	18.183432
16.218712	17.191076
17.021198	17.620169
17.370785	17.939350
18.217244	17.027222
17.385532	18.027202
17.280998	17.121721
17.756019	17.818537
17.473396	16.914938
16.479626	17.528379
17.177679	16.531088
16.664388	17.260124
15.770160	16.380975
16.160849	16.953273
16.196362	15.999684
16.608344	15.053557
15.657757	14.082877
14.678904	14.400926
15.312535	15.246504
14.312536	16.238734
15.302640	15.684521
14.309649	14.685172
13.454571	15.615123
14.176802	16.581880
15.174613	17.188733
14.783498	16.428090
15.330246	17.236154
16.329123	16.732149
16.758800	15.794152
16.338967	16.255626
15.548880	16.264259
15.698236	17.092253
15.946979	16.093827
15.152017	16.899979
15.966330	17.507587
15.092823	18.196545
16.090670	18.576699
16.805320	18.003240
16.111717	17.003763
16.875588	17.768414
17.456416	17.317804
17.619688	18.249196
18.509707	19.226935
19.293534	19.834707
20.283385	19.384012
19.298415	18.664959
20.194951	17.665240
20.400635	18.643783
19.403816	19.296967
18.736877	18.653490
17.738602	19.629024
17.627120	19.622133
17.459609	18.989917
18.274872	18.185446
17.617926	18.101652
18.615860	18.004789
17.688521	18.999821
18.141044	19.089553
17.189052	18.109566
16.343607	18.277298
16.079628	18.949363
16.885346	19.697161
17.574756	19.030498
16.979799	19.697621
16.850868	20.676988
17.850378	19.679476
16.850543	18.689686
16.773177	17.700935
16.257850	18.468952
15.373583	17.517429
14.799761	17.926642
15.013724	17.381907
14.515704	17.633148
13.729360	18.306226
13.782898	18.203876
12.940908	18.519116
13.746296	17.585727
12.880487	17.410973
11.990746	17.809172
11.373845	16.985710
10.798485	17.791676
10.017069	16.963458
10.899180	16.232661
10.164100	16.745884
10.288211	17.002130
11.040535	16.534388
10.053702	17.410247
9.057690	18.185444
8.370549	17.499961
8.315982	18.225013
8.970088	17.413716
9.395102	17.192237
8.428040	16.621183
9.349496	17.289092
8.823867	18.253971
9.796127	18.313526
9.173972	17.889603
9.782708	16.905942
8.854681	17.076424
9.514034	16.201805
8.517887	17.201804
8.537298	17.127236
7.661081	16.133144
8.348846	15.827695
7.588387	16.474823
8.465634	16.625268
8.544934	17.623364
7.614188	16.639163
8.234792	17.337688
9.023919	17.221890
8.537906	16.440119
7.553293	17.364349
6.657119	18.039140
7.634991	17.293535
8.247157	18.166672
7.271964	18.900664
6.399190	17.921358
5.776655	17.914258
4.781168	18.000578
5.731184	18.719202
6.434859	18.901369
5.639262	19.546484
5.396789	19.819430
6.166996	20.611643
5.287922	19.635258
4.773519	20.171850
4.144925	21.106094
3.326781	21.524170
2.433162	21.915299
3.350236	22.347153
2.560085	22.532976
2.855671	22.682218
2.838786	23.508259
3.828621	22.514517
3.195811	22.340598
3.987611	22.245362
4.987576	22.251605
4.288401	23.219697
3.324686	23.114967
2.404827	22.890234
2.087719	23.477283
3.030565	23.127757
2.770831	23.397278
3.768075	22.650904
4.548936	22.321326
4.270993	22.336338
3.404551	22.885800
2.413622	22.011051
2.430651	21.737107
1.507251	21.091204
0.512518	21.959122
-0.308944	21.848285
0.182334	22.036876
0.538686	22.745135
-0.418218	23.744385
-0.946943	22.928958
-1.502220	23.553053
-1.244885	22.800821
-0.660657	21.856254
-1.660618	20.857546
-1.661951	19.899444
-1.596160	20.765220
-0.830403	19.767596
-0.315566	20.522290
-0.655120	21.511524
0.333201	20.610697
-0.452685	21.049122
-0.984034	21.429840
-1.949357	22.228191
-1.566215	22.258718
-2.340660	23.072305
-1.737178	22.076935
-2.699244	21.288584
-3.384664	21.909998
-4.331305	21.187941
-3.670889	22.134152
-4.164531	22.842539
-4.821822	22.494064
-4.163747	23.445551
-4.515707	23.808860
-5.501978	22.830143
-5.579211	23.310249
-4.965677	22.715060
-5.959611	22.112942
-5.968354	22.988890
-6.748008	23.757775
-7.741159	24.001547
-7.037288	24.160094
-6.248445	25.159489
-7.120540	24.831925
-6.374862	24.500233
-6.370618	23.522825
-5.469786	24.183308
-6.008503	24.575877
-6.405922	24.783604
-7.405422	23.812937
-7.402855	22.818863
-6.725925	22.207358
-7.404937	22.864491
-8.404868	23.537059
-8.616857	24.154018
-8.660815	25.099829
-9.574466	25.834245
-9.403812	24.952056
-10.114182	24.176260
-9.958242	24.227766
-9.620305	24.076019
-9.781046	24.777133
-8.938674	24.109997
-8.558103	24.668822
-9.148208	23.732506
-8.805161	24.320537
-9.774101	24.703892
-10.054502	23.824649
-11.002604	22.861521
-10.058720	23.720670
-9.252773	24.678160
-9.899199	24.891411
-10.406614	24.384673
-9.758423	23.415413
-9.607577	24.174419
-9.311944	24.650461
-9.840310	24.788693
-10.801141	25.219146
-9.971136	24.225146
-9.463160	23.225927
-10.355447	23.407587
-9.735926	22.749479
-8.897333	23.124037
-9.117297	22.874195
-9.006010	22.026078
-9.286857	22.761139
-8.627625	23.167269
-9.446783	24.116875
-10.028782	23.121323
-9.185485	22.423318
-8.368515	23.070034
-8.665984	23.458956
-9.510790	22.624059
-8.846651	21.708750
-9.736744	20.756913
-10.635430	20.761749
-10.764021	20.328015
-10.007923	19.426333
-9.010016	18.832712
-9.653982	19.831616
-9.731082	20.234801
-10.433616	20.950045
-9.761112	20.770043
-10.221255	19.792436
-10.493129	20.788456
-11.024810	19.845475
-11.600968	19.589801
-11.540863	19.207595
-11.222212	19.825598
-11.944222	20.524057
-11.597029	20.829173
-12.316048	20.605453
-13.041784	21.601502
-13.664949	20.868037
-13.002206	19.887642
-12.301347	20.606149
-12.086387	21.606033
-12.114214	21.108339
-11.919240	20.623668
-12.223263	20.169381
-11.818485	20.933387
-11.950351	21.791075
-12.378780	21.599867
-11.575835	22.293889
-10.685997	21.307990
-11.685978	20.631922
-11.544522	19.932501
-12.413935	20.553622
-11.780749	19.565765
-10.792466	19.604568
-11.791570	19.006602
-11.124454	19.991449
-10.514340	20.637577
-10.174611	21.390462
-9.193857	20.780872
-9.438150	19.805024
-9.483889	19.919312
-8.534596	19.450002
-7.537625	19.763392
-7.847656	20.149079
-7.697594	21.097871
-6.757013	20.809463
-5.867630	21.569417
-4.938081	22.547269
-4.288341	22.324772
-4.117141	21.592801
-3.468756	22.377604
-2.629714	22.426841
-2.663791	23.031143
-3.358214	22.057613
-2.358236	21.208445
-3.358182	22.207680
-3.785795	22.531900
-3.282324	21.663934
-4.282258	21.453142
-4.405694	22.443468
-4.514500	21.551996
-4.096023	20.618151
-3.124057	19.619617
-2.136033	20.511230
-2.305427	21.511084
-1.961298	21.001031
-2.756601	20.026007
-3.590587	20.841505
-3.178336	20.624569
-2.252144	19.710776
-2.951905	19.343350
-2.054688	20.281384
-1.055749	19.728506
-0.069465	19.693887
-1.000547	18.735520
-0.827590	19.621381
-1.552576	19.052126
-0.559375	19.551121
-1.172301	19.589361
-2.009609	20.059585
-2.030728	20.657605
-2.550006	19.875283
-1.788914	20.874542
-1.511425	20.448537
-1.332223	21.442985
-1.354023	20.626533
-0.890762	19.719903
-0.325002	18.855948
-0.474682	19.575823
-1.007859	20.441811
-0.516149	21.113275
-1.051288	22.083235
-1.278306	22.984549
-1.973126	23.402097
-2.440440	24.384155
-1.834850	23.898273
-2.573281	22.967504
-3.497804	21.975298
-2.581796	21.192840
-3.117220	22.165909
-2.273575	22.719618
-1.612214	21.723236
-1.461547	22.692932
-2.365173	22.395992
-3.232811	21.859892
-2.498154	22.859872
-1.512633	23.117425
-2.481038	22.119144
-2.294622	22.642331
-1.931047	23.266264
-2.284140	22.991442
-2.664013	22.538676
-2.568281	23.249116
-3.128626	22.375719
-3.010968	23.292447
-2.273355	22.391491
-2.448278	23.391318
-3.309098	23.070048
-4.274074	22.978893
-3.465197	22.726726
-2.673425	22.843537
-2.415156	22.375809
-3.404891	21.504666
-3.923617	22.503694
-3.886310	22.676086
-4.544090	23.063837
-5.443813	23.386185
-4.446380	24.323559
-4.009197	23.537555
-3.020861	23.209226
-2.053322	23.988902
-2.758987	23.080487
-3.550196	23.331297
-4.237949	22.948734
-3.251081	22.765920
-2.453478	22.291015
-3.408540	22.905774
-2.852826	23.062640
-2.704564	23.018792
-2.904821	22.833739
-1.913181	22.038448
-2.747270	22.587356
-3.064778	22.096874
-3.870468	21.396755
-3.717241	20.688633
-3.272666	21.606022
-3.162703	21.923115
-2.495720	22.776773
-3.493331	22.805008
-2.685540	22.712053
-1.697623	22.694969
-2.617994	22.254127
-1.818892	23.236609
-2.636211	22.535472
-2.406951	21.850094
-3.237411	20.855283
-4.223933	20.848736
-3.762921	21.836164
-4.637565	20.848125
-3.833383	19.909531
-4.641916	19.453439
-3.643544	20.321778
-4.342928	19.539878
-4.825873	18.778520
-5.426952	19.201182
-6.143248	19.897558
-7.042183	18.975222
-6.091015	18.784860
-5.256844	18.489097
-6.090303	17.803582
-6.988622	16.880383
-7.596502	16.593948
-7.218233	15.688462
-6.783954	16.314743
-7.613171	17.297261
-7.294325	17.261221
-7.011885	18.189300
-6.484939	17.720264
-5.527130	17.771230
-6.456827	18.363949
-5.573259	17.451380
-5.407991	18.259430
-6.091683	17.270328
-5.359519	16.284514
-5.511413	17.256787
-6.309402	16.302158
-5.501674	17.302136
-6.060432	16.777436
-5.152188	15.913958
-5.487239	15.059338
-4.732757	15.042191
-5.282474	15.951325
-5.638886	15.043936
-4.844622	14.046593
-5.218124	14.903999
-4.568309	15.898535
-3.996316	15.383274
-4.861452	14.405046
-5.497280	14.627107
-6.496464	14.115892
-6.484356	14.750313
-7.228319	13.949782
-7.857667	14.940147
-7.767536	15.382619
-6.982227	15.801228
-6.138424	16.783746
-7.039279	15.783867
-8.010060	16.780287
-8.923877	17.179509
-7.923946	16.483514
-7.794390	17.251174
-7.027236	16.790271
-6.082455	15.850562
-6.349146	14.912989
-5.807038	15.886759
-6.585246	15.354865
-7.027145	16.342094
-6.945456	15.434117
-7.945234	15.262930
-7.167709	14.660505
-7.990809	15.608394
-7.547513	16.477310
-6.604696	17.241117
-7.512343	17.162799
-7.225493	17.571862
-7.995843	17.163318
-8.894651	17.158320
-9.892960	16.449641
-9.555687	17.396294
-9.974749	18.190052
-10.823247	17.746645
-10.916111	16.751635
-10.335573	16.925525
-11.197211	16.123700
-12.137672	15.976471
-12.143754	16.790329
-12.319327	17.239069
-12.738898	16.369417
-13.658459	15.369417
-13.234418	16.363051
-12.825193	15.935766
-12.522078	14.936283
-11.620108	15.905243
-12.351098	16.899998
-13.348034	15.950327
-14.075414	15.356376
-14.777276	14.695866
-15.448532	13.710862
-14.594296	14.008852
-15.487195	14.207428
-16.387489	13.311807
-17.118593	14.274540
-17.114211	13.897159
-16.143455	14.818433
-16.521001	15.595793
-17.392595	14.872368
-17.629181	15.851552
-18.330040	14.873031
-19.329009	14.916189
-18.376707	14.883303
-18.648677	14.007835
-17.864143	14.876969
-18.805250	14.711689
-18.034481	14.912134
-18.926670	14.690301
-18.006279	15.485285
-17.771220	15.143195
-18.700643	14.912398
-19.699927	15.493749
-19.108885	16.404800
-20.072637	15.991483
-19.128911	16.990995
-18.909022	16.086042
-17.937412	17.050579
-18.323472	17.572378
-18.555558	18.194770
-18.511009	19.101796
-18.664842	20.026906
-18.930213	19.167302
-18.743655	20.147361
-19.432573	19.170184
-20.332245	18.670948
-20.466915	17.933200
-21.425211	16.937925
-21.545597	15.996017
-20.598818	15.071393
-20.682285	15.080749
-19.770001	15.381294
-20.187028	15.995063
-20.728661	16.730647
-20.375439	16.008708
-20.303030	15.697514
-19.939578	15.779396
-20.012534	15.676198
-20.451392	15.933934
-20.152604	14.996801
-20.106001	15.985817
-20.271479	16.166519
-19.442050	15.268725
-19.166699	16.024872
-20.160261	15.026061
-19.710359	14.045422
-19.749758	15.044423
-19.268262	15.496936
-19.846151	16.376402
-19.574905	16.124034
-19.269329	15.783805
-20.267449	15.153059
-19.302406	14.153128
-18.595652	14.905254
-18.326630	14.442165
-17.391808	14.128550
-16.802798	14.991721
-17.680046	15.991032
-17.127468	16.702190
-17.907381	15.811494
-17.162799	14.833382
-18.125272	14.063079
-17.138842	15.037305
-17.358924	15.747467
-18.323087	16.223894
-17.462616	17.223011
-18.127285	17.784285
-17.464498	16.889062
-16.912944	16.828734
-15.945952	16.521915
-15.089192	17.103510
-16.089166	17.492119
-17.001918	17.978415
-17.356063	17.443408
-18.316202	16.935696
-18.408663	16.502902
-18.725994	15.519460
-19.634238	14.531914
-18.635264	13.553847
-17.823181	13.775219
-17.540337	13.863584
-17.720548	14.289788
-18.594537	13.772795
-17.809871	13.311792
-18.695491	14.111188
-19.681533	14.170027
-19.657717	14.343570
-20.600389	13.440807
-19.824247	12.677414
-19.943830	12.288941
-19.774923	12.078072
-19.112363	12.230666
-19.142590	11.827624
-18.836410	12.824773
-19.039987	13.776524
-19.187138	14.248709
-19.576911	14.571699
-20.575586	13.577425
-19.598492	12.917953
-19.962033	12.275714
-19.886496	11.417668
-19.083531	11.469435
-18.428843	10.639613
-18.811671	10.465746
-19.805601	10.196138
-20.780569	11.157204
-21.778738	10.279628
-21.652309	9.280087
-21.567237	9.096721
-20.568260	8.977172
-20.695411	7.982415
-21.514140	7.478711
-21.096060	8.094257
-21.504571	9.070830
-21.691074	8.358447
-21.228823	8.470205
-22.200502	8.033689
-23.198690	8.922888
-24.062976	9.822002
-24.358926	10.417036
-23.695010	9.551546
-24.488955	8.845264
-25.488651	9.709706
-26.173170	8.711536
-25.520452	9.408825
-25.579733	9.959916
-24.812799	9.176666
-23.814355	10.141650
-22.842261	11.075762
-23.841083	10.164476
-22.925112	11.027755
-22.414075	11.634088
-22.491340	10.806833
-22.666664	9.983996
-22.168790	10.107891
-21.222449	9.904425
-20.618152	10.736370
-21.454978	11.517989
-22.453092	11.282699
-21.635179	10.486453
-22.167780	11.268821
-21.224159	11.576144
-20.998579	11.854040
-21.045525	12.748159
-21.648029	13.748158
-21.017636	14.720961
-21.880122	14.866115
-22.285764	14.045309
-22.721562	14.604919
-23.072348	14.534756
-23.964052	13.761913
-24.954997	14.745903
-23.959922	15.176054
-24.617858	15.213906
-23.639235	14.219419
-23.004557	14.938154
-22.161194	15.877458
-21.720443	16.820297
-21.651900	16.422171
-22.644149	15.875789
-22.244585	16.724384
-21.519059	17.312819
-22.165675	16.928825
-22.144531	17.178375
-21.164424	16.807867
-22.112890	17.428459
-22.988668	17.615119
-23.459572	17.221599
-22.652974	18.156646
-21.719421	18.900999
-20.752354	19.849921
-21.751648	20.584224
-22.534727	21.464658
-23.453274	20.726048
-22.667780	20.219654
-22.506733	19.252310
-22.533203	19.857533
-21.759045	19.190952
-22.261669	19.978320
-22.817172	19.230769
-23.098052	20.195460
-22.113303	19.490524
-22.034615	18.539866
-22.964066	19.390475
-21.965169	19.401753
-22.949443	19.701393
-23.275636	19.561857
-22.848032	20.099238
-23.194711	19.437941
-23.366320	20.389270
-24.348031	20.061243
-23.505880	19.084915
-22.555342	19.200533
-23.367379	18.222669
-24.070762	18.573697
-24.662786	17.698977
-24.754793	18.389606
-25.715148	18.376238
-24.834227	18.281032
-24.297105	18.795127
-25.291426	19.720247
-24.627147	20.625466
-24.874019	21.545579
-25.002092	20.978068
-24.099836	20.934044
-23.813687	21.185588
-22.884376	20.224348
-22.848130	20.161968
-23.010858	19.371617
-23.280692	19.949955
-23.576926	20.302555
-23.466401	20.095455
-24.386677	21.019114
-25.367678	20.928259
-25.661214	21.859941
-26.468692	20.878182
-27.192683	19.882748
-26.223182	19.351459
-25.269887	20.344365
-26.268947	20.205821
-26.106450	21.150703
-27.030112	22.007653
-26.031582	21.098487
-25.463730	20.104446
-25.927160	19.335548
-25.441193	19.515674
-24.571772	18.936089
-23.572150	19.730950
-22.724525	19.951848
-22.048025	20.917883
-21.899531	21.113477
-20.901986	21.727010
-20.613679	21.414635
-20.956717	22.414532
-20.533608	21.490963
-20.409313	22.055684
-19.662190	21.186815
-20.571477	21.891022
-21.155271	20.906237
-20.532653	20.012659
-21.400961	19.088223
-21.681568	19.085977
-21.906601	18.134231
-21.298025	19.079517
-20.788480	18.094536
-21.617354	17.718411
-21.255370	18.334516
-21.756288	18.949885
-22.312081	18.182463
-22.916057	18.030611
-23.870658	17.332255
-22.969193	16.920303
-23.930299	16.938727
-24.287150	16.319634
-24.095256	16.017253
-25.000998	15.069897
-24.917043	16.058179
-25.239353	15.915743
-24.251916	16.747593
-24.440190	17.516712
-23.716661	18.225436
-22.835201	18.650022
-23.827535	19.176358
-24.802474	18.420097
-23.853404	19.062759
-24.614927	19.044714
-23.617748	19.958613
-22.714124	19.755354
-22.325091	18.758374
-23.219851	18.963400
-23.595351	18.938170
-23.087738	18.641807
-23.215397	19.400028
-22.312272	20.399558
-22.581140	19.431743
-23.330298	20.314227
-22.466839	20.544303
-22.415686	20.938145
-21.709318	19.975862
-22.012861	19.526620
-21.602870	18.604290
-22.504241	17.663999
-21.504468	17.669228
-22.028859	16.756491
-22.101314	15.760458
-21.514310	15.318792
-21.450488	14.402083
-20.724507	14.592781
-20.289948	15.525594
-20.450453	16.186305
-19.456973	15.340542
-19.686982	14.740971
-18.973147	14.561044
-19.472648	14.550441
-19.378178	13.811544
-18.489582	14.133535
-18.910725	14.931790
-18.285713	15.829618
-17.687575	16.771149
-17.047997	17.425780
-16.080220	17.359233
-16.469314	16.377358
-16.928987	15.441000
-16.927799	15.469076
-15.927849	15.630754
-16.696743	15.506850
-17.086541	14.905633
-16.366676	13.975281
-17.260896	14.945620
-16.904115	14.097687
-16.350027	13.103919
-16.578870	13.957057
-15.718450	13.527269
-16.714144	13.142538
-16.613705	12.436416
-15.664086	11.448242
-16.417597	10.451510
-17.358798	11.422900
-18.320454	12.364502
-18.110328	12.099840
-17.930268	12.717218
-18.919971	12.167973
-19.177407	12.751900
-19.381988	11.772584
-20.144847	11.614466
-20.867984	11.891260
-20.915050	12.437144
-21.652496	13.272625
-22.174411	13.876756
-22.360199	14.310357
-22.497875	15.185215
-21.931231	16.022064
-21.020103	15.437988
-21.702998	14.791780
-21.426351	15.305929
-20.861430	15.405021
-20.504130	14.507511
-19.618156	15.093211
-18.736074	14.320847
