0.000000	0.000000
-0.951131	0.158458
-0.035013	-0.829749
-0.372127	-0.017579
0.011613	0.845136
-0.712862	1.621333
-1.432543	1.103855
-0.460403	1.929359
0.266335	1.056952
0.832588	1.666744
0.221804	2.648009
-0.484627	2.749419
0.025577	3.156234
0.657162	3.907065
-0.337099	4.716881
-0.694933	5.512480
-0.007499	4.734823
0.464602	4.345093
-0.207616	4.197808
0.646200	4.534458
0.273088	3.568778
-0.581906	4.495542
-1.303879	3.790943
-1.856915	3.784031
-2.124773	3.768082
-1.328016	2.967528
-1.119726	2.830495
-1.634714	2.510622
-2.483859	2.368502
-2.869481	2.984475
-3.335119	2.294228
-4.302435	2.024034
-5.294113	2.996479
-6.286092	3.644129
-5.912275	3.235654
-6.847770	3.234895
-7.005147	4.022181
-6.628798	3.418098
-6.511610	3.616916
-7.312687	3.995833
-6.329605	4.956832
-6.580835	3.957160
-6.175201	4.670985
-6.470694	5.232894
-5.676029	5.328658
-6.673790	4.908064
-7.327938	4.719749
-6.568076	5.385606
-6.613912	4.836785
-6.476687	5.252722
-5.937846	4.277590
-6.846923	4.677142
-5.942563	5.362584
-6.431747	4.414443
-5.854434	3.422952
-5.789315	2.514501
-4.800492	2.702167
-5.697936	1.858827
-5.144015	2.846546
-5.114656	1.848676
-5.364767	0.849381
-5.725288	0.405200
-5.876585	0.879593
-4.912384	0.773764
-3.916138	1.765232
-2.967833	2.651124
-2.029910	1.967528
-2.809123	1.880919
-1.809127	1.507904
-2.207899	0.689922
-2.698524	1.028130
-3.201175	0.093348
-2.340295	1.090912
-3.319522	0.092331
-4.315734	-0.892428
-5.315662	-1.835225
-6.293193	-2.772238
-6.413291	-1.774067
-6.276270	-2.763136
-6.230758	-1.764425
-5.269348	-0.802659
-6.130554	-0.211161
-5.273205	-0.067433
-4.418700	-0.584338
-3.446895	-1.575102
-3.377282	-2.306221
-3.169808	-1.864969
-3.610896	-1.128385
-4.113666	-1.917770
-3.342116	-1.012900
-4.012697	-0.367515
-3.017678	0.499004
-2.679757	-0.476841
-3.574870	-0.013147
-4.572262	-0.887042
-5.080326	-1.092045
-4.106710	-0.608499
-4.774632	-1.305295
-3.977900	-2.288191
-3.724065	-1.888757
-4.722855	-2.209311
-5.056281	-3.176166
-4.064808	-3.059556
-3.525326	-3.851092
-2.823566	-4.843936
-2.367478	-4.886797
-1.635496	-5.817764
-2.097041	-4.898608
-3.085283	-4.310313
-3.162504	-4.229146
-3.041492	-3.656087
-4.000384	-4.650162
-4.994821	-3.746988
-5.765452	-4.264035
-4.956780	-3.680409
-5.534962	-3.053097
-4.578706	-2.235955
-3.773347	-2.650600
-4.441138	-3.008913
-5.325456	-2.010815
-5.792690	-1.436770
-5.811509	-2.402278
-5.576047	-1.924120
-4.791152	-2.920578
-5.782663	-3.750977
-5.785599	-2.782487
-5.766339	-1.822766
-4.776517	-2.814989
-5.763918	-3.555450
-6.170404	-2.846642
-5.192491	-3.043248
-5.087790	-3.129447
-5.492322	-3.868314
-4.621467	-4.780138
-4.257105	-4.752049
-3.372331	-4.639078
-2.569954	-5.514926
-2.719586	-4.875638
-1.876948	-4.192296
-1.304589	-4.835768
-1.143932	-5.405718
-0.330094	-5.226081
0.447753	-5.685445
0.748437	-4.941827
-0.188695	-5.054780
-0.244142	-5.591921
-1.240557	-5.641318
-2.127211	-6.586787
-2.836738	-6.553673
-3.832570	-5.636163
-2.834443	-5.091394
-3.333261	-5.736179
-2.451435	-6.099694
-1.451461	-5.227481
-1.883208	-6.051567
-1.696375	-6.332794
-2.631516	-7.240869
-1.636966	-6.377603
-2.426109	-5.397726
-2.730571	-4.546740
-2.818219	-4.189932
-2.804111	-3.204766
-1.853449	-2.324724
-0.866111	-1.434699
-0.420617	-1.502625
-1.418546	-2.423486
-0.544892	-1.526486
-0.840631	-1.543544
-0.102767	-2.496668
0.401166	-2.122527
-0.555690	-2.456211
0.439472	-2.523489
-0.258342	-2.517432
-0.703870	-1.523581
-0.510204	-1.371780
-1.297803	-1.650689
-2.275319	-0.854475
-1.835750	-0.350763
-2.823771	0.605802
-2.878240	1.559111
-3.104108	2.559062
-2.343990	1.817882
-3.245312	0.899599
-3.929164	0.610857
-4.924201	-0.347495
-3.928298	0.036839
-3.978865	-0.150996
-3.031905	0.582146
-2.048585	1.286757
-2.852523	2.216236
-3.660854	2.189255
-3.047377	1.443316
-2.421100	2.341479
-2.620711	1.667865
-3.608033	1.813808
-2.742669	2.811468
-2.898376	2.992838
-2.204829	2.035065
-1.648922	2.021693
-1.650193	2.793494
-1.948572	3.789510
-2.832227	4.039245
-2.557558	4.198588
-3.399176	5.094131
-2.810924	5.160467
-3.479173	6.160467
-2.479949	6.089130
-1.733617	6.892794
-1.231002	7.491250
-1.129458	8.265016
-2.009376	7.353237
-2.824643	6.410071
-3.063143	6.595774
-3.870933	6.254162
-2.885931	5.445624
-2.024664	6.437240
-1.271818	7.289463
-1.644582	7.832567
-1.263885	6.850288
-1.376627	5.998469
-1.498477	5.250607
-0.646968	4.254029
-0.038156	4.429440
0.713569	4.301848
-0.180140	3.487042
-0.709708	2.667647
-1.214544	2.282748
-2.177866	2.567139
-3.013294	2.216057
-3.817176	2.901564
-4.652026	2.797786
-5.237707	2.932856
-4.628911	2.691528
-5.534240	1.826557
-5.953175	0.974884
-6.427100	1.501340
-7.411942	2.499647
-6.817012	1.823956
-6.934862	2.035834
-7.752235	1.095479
-8.146168	0.707216
-9.111700	0.831182
-8.410591	1.341018
-7.494532	2.322053
-6.510027	1.454799
-7.041410	0.766454
-6.636234	1.693311
-5.824523	1.928459
-5.965164	1.054950
-6.249519	0.767882
-7.248587	0.971849
-7.911876	0.841086
-8.058556	0.753174
-8.877767	0.490940
-9.832652	1.431652
-9.750955	2.426313
-9.073116	1.442743
-9.094015	1.474872
-8.437250	2.382349
-8.662502	1.755107
-7.666334	1.428197
-8.663040	2.303492
-8.714828	1.655520
-8.450622	1.463794
-8.645847	0.936244
-9.641025	-0.035170
-8.701758	-0.844983
-8.593427	0.134464
-9.249036	0.886727
-9.186835	0.360391
-10.117988	0.340844
-9.506714	-0.590909
-9.345442	0.003693
-9.678412	-0.766090
-9.880228	-0.878105
-10.860197	-1.836122
-9.957708	-1.558142
-9.257810	-0.634557
-9.809331	-0.148237
-10.008539	-0.526297
-9.009683	0.429396
-9.157160	0.041685
-8.210527	0.081148
-7.644859	0.584641
-7.016196	0.071362
-7.485827	0.566271
-6.637802	0.734268
-5.861161	-0.188123
-5.168459	-1.130200
-5.631950	-1.663094
-5.404188	-2.439140
-5.672102	-3.416009
-4.850556	-2.550342
-4.030321	-2.921198
-4.013879	-3.611041
-5.013849	-2.613107
-4.567680	-1.625217
-4.121555	-2.328601
-4.315577	-1.454456
-4.575566	-1.920287
-4.543694	-2.603304
-3.544244	-1.772600
-2.709477	-1.168748
-2.158278	-1.389396
-1.322059	-0.514253
-2.264967	-1.453398
-1.280654	-2.272607
-2.124616	-2.688860
-1.128351	-1.766115
-2.127131	-0.768564
-1.211560	-0.825692
-2.211544	-1.824511
-2.000204	-2.722020
-2.668218	-3.118983
-1.669489	-3.570554
-2.666574	-2.570726
-3.626696	-2.613926
-4.467577	-3.375958
-5.237843	-2.376029
-6.037563	-2.486895
-6.918409	-1.654450
-6.681124	-1.343882
-5.681399	-2.036460
-6.416412	-1.926756
-5.499326	-2.640269
-5.678288	-3.374109
-5.019553	-4.356924
-5.719517	-3.872075
-6.683006	-2.874116
-5.687803	-2.655266
-5.294140	-2.828739
-5.494864	-3.821396
-4.518439	-3.106265
-5.196552	-3.895219
-5.919960	-4.075859
-5.396764	-5.026477
-4.701401	-4.316006
-4.701185	-3.581223
-3.701500	-4.316090
-3.107900	-4.737679
-4.107421	-4.297683
-3.800797	-3.566068
-3.534125	-3.118805
-4.485077	-3.976003
-4.874303	-3.761179
-4.184203	-4.481597
-3.185091	-5.302919
-3.984108	-5.128406
-2.998005	-5.307893
-3.465346	-4.506882
-2.530191	-5.367701
-1.954534	-4.941971
-1.701083	-4.366138
-1.400139	-3.405458
-0.422495	-2.597189
0.234294	-2.837628
0.407413	-3.231563
1.245041	-3.327358
0.599154	-2.548798
0.004421	-2.250991
0.450086	-3.236195
1.326703	-4.149382
0.615304	-4.292022
1.175954	-4.866853
0.176651	-4.975529
1.126955	-4.586627
0.527507	-3.988787
-0.471680	-4.365796
-1.471311	-5.330796
-1.366297	-5.567555
-0.431901	-6.141524
0.454240	-7.000140
0.980794	-7.096016
1.408805	-6.144932
0.858772	-5.951517
0.870447	-5.086934
0.892850	-4.215994
1.887161	-4.942960
1.525027	-5.826019
0.545258	-4.908060
-0.017192	-4.412847
-0.739638	-5.358682
-1.732117	-4.638689
-1.788014	-4.489345
-1.275217	-4.328908
-2.200531	-4.948419
-1.300175	-5.713251
-1.429697	-6.707813
-2.144289	-7.015161
-1.166203	-7.227175
-0.173129	-6.251586
0.501241	-5.256129
-0.240525	-4.593766
0.417758	-4.145216
1.354227	-4.751012
1.297009	-3.779430
2.288219	-4.461131
3.284021	-4.713772
4.282579	-3.714411
3.363600	-4.544155
3.238534	-3.830819
3.162634	-2.883110
3.256726	-2.678701
4.232518	-2.033101
5.226847	-2.450172
4.617408	-2.227741
5.223893	-2.143084
4.909646	-2.326114
4.107078	-1.937736
3.310517	-2.214896
4.278959	-2.975562
4.775675	-2.600391
4.732063	-3.510128
3.929962	-4.510077
4.853953	-3.645000
4.029878	-2.776091
3.764347	-1.911397
2.782911	-1.556330
3.097854	-1.528837
2.154707	-2.439074
1.257644	-3.389395
1.863823	-3.834640
1.634121	-3.009239
2.432911	-3.653316
1.592113	-4.615450
0.678608	-5.349275
-0.230196	-4.354354
-0.584603	-3.428219
0.278719	-2.466534
1.201004	-1.670092
0.231545	-2.511062
-0.759807	-3.510842
0.239159	-3.449500
0.613753	-4.411944
-0.385673	-3.412963
-1.149308	-3.824220
-0.213999	-3.608257
-1.213292	-2.779233
-1.942773	-3.410457
-1.836595	-2.440447
-2.232505	-3.305592
-1.685810	-3.974953
-0.774574	-4.189407
-0.434885	-4.085140
0.039129	-3.086402
0.557505	-2.116523
1.424595	-2.896256
2.389153	-3.433302
1.812050	-4.228783
1.524181	-3.393030
2.291510	-2.475857
3.135740	-1.604581
3.326751	-2.171931
2.329984	-1.586533
2.610549	-2.586197
1.845644	-2.708567
0.993799	-2.420238
0.174536	-1.592075
1.171623	-2.167839
0.527839	-3.081946
1.143951	-3.235814
1.931756	-4.225702
2.430436	-3.423727
2.018482	-4.331210
3.018424	-3.674386
4.007529	-3.024888
3.705588	-2.619027
3.512877	-2.504742
2.990539	-3.467340
3.729071	-4.207946
2.759768	-4.167954
2.002251	-4.466224
2.947486	-5.435426
2.659527	-5.832964
1.900141	-6.669827
1.908805	-5.670822
2.320932	-6.453262
3.316163	-5.641676
4.315650	-6.588719
4.806721	-6.545918
5.670889	-5.756581
6.402757	-6.732353
6.643514	-6.145526
6.537674	-6.857802
6.883176	-6.052059
6.827294	-7.046619
6.203278	-6.326766
5.807206	-6.861710
6.675831	-6.976596
5.687913	-6.035180
5.047982	-5.048643
4.092456	-5.948393
4.762525	-6.335103
5.237787	-5.571731
5.167680	-4.725655
5.780376	-3.898891
4.785257	-2.902963
5.468910	-3.845050
4.957467	-3.242479
4.051045	-4.019323
3.092862	-3.090715
2.254651	-2.163415
1.328626	-1.177757
1.508424	-0.391066
1.454023	0.552887
0.921618	-0.044294
0.044353	0.921560
-0.142917	-0.051271
-0.008344	-0.682893
0.584735	-0.479182
0.705865	-0.503769
-0.013309	-1.479605
-0.078943	-1.529441
-0.924987	-1.983382
-0.097883	-2.109260
0.110553	-1.807393
-0.140665	-1.101263
-0.777443	-2.092416
-1.353951	-1.604648
-0.492284	-2.135853
-0.664562	-3.135427
-0.302207	-2.188584
0.655673	-2.369985
1.651269	-3.357797
0.774279	-4.103799
0.823120	-4.916127
1.470522	-4.163875
0.805253	-3.467846
0.184686	-4.454169
1.140415	-4.753956
1.179768	-5.627361
2.179765	-5.338246
2.451670	-6.107903
2.611173	-6.884862
3.543944	-7.654554
3.664603	-8.635479
2.876606	-9.107646
3.742856	-9.471107
4.524089	-8.892490
4.310063	-9.064554
5.284856	-8.803074
5.719584	-9.690454
6.158837	-9.964999
7.107511	-10.866935
6.678232	-10.890042
5.995838	-10.425553
6.462521	-9.693082
7.175990	-9.484461
8.174402	-10.077034
8.952192	-9.664594
9.010347	-10.512538
9.592001	-9.761681
9.658905	-10.175718
10.547107	-9.354471
11.529084	-8.388516
12.232455	-8.423366
12.229584	-8.098952
12.659417	-7.662281
11.838916	-8.654783
11.844247	-9.150442
11.943505	-9.828930
12.942874	-10.381095
13.939969	-9.706199
13.239773	-9.726080
14.234099	-9.841292
15.153104	-10.827750
15.581966	-11.345986
16.214327	-10.857645
16.778246	-10.460119
16.875110	-11.164481
16.728505	-11.933398
17.413367	-12.082843
17.058045	-13.014418
18.012821	-12.044342
17.043796	-11.091164
17.313747	-10.102411
17.738313	-9.149735
18.159576	-10.084840
17.740937	-9.750566
18.076647	-8.892098
19.051359	-9.625416
19.814082	-8.840725
20.015514	-7.840900
19.091371	-8.559608
18.676769	-7.676818
17.676977	-8.220351
18.656115	-7.505813
19.404848	-8.348854
20.324831	-7.938577
21.273235	-8.091193
21.157954	-7.263592
21.161048	-6.737481
20.543247	-7.161548
21.336578	-8.051796
22.331868	-9.003464
23.329716	-9.131382
22.423028	-8.436039
23.138199	-7.632900
22.429549	-8.552058
23.421033	-9.489458
24.417493	-9.379498
24.200304	-9.499663
24.817087	-8.912770
24.181831	-9.395167
23.202660	-9.926204
22.263346	-10.922253
22.227203	-9.981883
22.675716	-9.392906
22.766443	-10.375017
22.922685	-11.357407
22.045875	-12.332756
22.105519	-12.398885
22.942310	-13.071094
22.400933	-12.092686
21.491446	-11.188562
22.480584	-11.679284
22.805847	-10.681832
21.881877	-11.521102
21.354247	-10.564556
20.473118	-9.839902
20.734009	-9.698006
21.394604	-9.923835
21.597880	-10.850977
20.943615	-10.964581
20.103617	-10.436512
20.177648	-11.316161
20.505309	-11.449541
20.921720	-10.838346
20.098315	-9.996029
19.336732	-10.169802
18.344881	-9.416829
17.401547	-8.437471
16.697443	-7.770066
17.629291	-6.797280
17.208026	-6.918211
16.343422	-6.274922
15.377965	-5.293909
14.777393	-6.292174
15.759603	-5.314851
15.704683	-4.624175
15.368410	-4.643326
15.632011	-5.269614
16.620340	-5.107590
17.620155	-4.672193
18.015538	-4.009613
17.204657	-4.870269
17.198626	-5.153232
18.144440	-4.444859
19.047551	-5.090625
18.522001	-4.452455
17.685976	-3.980948
16.685998	-4.292849
16.052416	-3.489293
15.796988	-2.610403
14.885612	-2.302262
14.623550	-1.582362
15.580618	-2.089543
16.572580	-2.230230
17.505208	-2.122777
16.675177	-1.408813
15.859326	-2.346799
16.117279	-1.534450
16.184370	-2.532015
15.197299	-3.404282
14.499854	-2.480282
14.680006	-2.263836
14.581552	-3.248654
15.576654	-3.955329
16.264683	-4.892170
17.223286	-3.947625
17.844703	-4.798104
16.936802	-4.228388
16.052121	-3.927452
16.945940	-4.043012
15.965480	-3.916722
15.352493	-4.644180
15.127053	-4.255745
16.118147	-3.965449
16.569902	-4.255746
17.291089	-5.201711
17.193398	-4.617123
17.714729	-4.616357
18.149601	-5.517069
17.442606	-6.452214
16.446842	-6.928841
17.446463	-7.766140
17.503517	-7.322113
17.531203	-8.231951
18.252058	-9.113012
17.734736	-8.291662
17.376788	-8.407517
17.582887	-8.966754
16.712617	-7.969493
16.081653	-8.523372
16.300381	-8.645783
15.506446	-8.768139
14.772777	-7.773660
13.780385	-7.408496
14.721712	-6.619615
15.392994	-7.042236
15.228744	-6.319800
15.370403	-6.540062
14.430085	-6.654259
14.634453	-6.247841
15.003747	-5.566541
15.191124	-4.889070
15.997131	-4.908163
15.766220	-5.026261
15.859207	-4.233206
16.620565	-4.106160
17.322212	-4.157985
16.353313	-4.112002
16.300054	-3.747141
17.213221	-4.705107
17.497570	-4.301871
16.832710	-4.739828
17.174130	-5.292169
17.954582	-6.292169
17.063341	-7.183922
17.470852	-6.523167
17.747158	-6.752348
16.747411	-7.363430
17.716241	-6.385507
16.858046	-5.443909
15.955206	-5.609480
16.169591	-5.267877
17.145882	-6.267299
18.069024	-7.253734
18.465316	-7.981068
17.567439	-7.862203
18.488742	-8.240185
19.433422	-7.507003
18.452872	-8.353615
19.185240	-7.733981
18.189434	-7.342661
17.190867	-6.410901
18.176311	-6.441950
18.458293	-6.521365
18.697524	-7.199987
19.107976	-8.179474
19.719967	-7.583072
19.865180	-6.678486
20.433959	-5.820958
21.396251	-6.017221
22.373011	-6.196630
23.369939	-6.378969
22.391334	-6.779941
23.193654	-6.789616
23.341739	-6.898777
24.132587	-5.927498
25.090059	-6.496306
24.271454	-6.049209
23.431720	-6.996553
24.358887	-7.941806
23.480803	-6.942564
22.620699	-7.344168
21.993506	-8.269232
21.966388	-9.228093
22.955046	-10.182655
23.045210	-10.117443
23.167129	-11.117372
24.160162	-12.063592
23.770109	-11.565394
23.437444	-11.315996
24.353710	-12.265396
24.341903	-11.617494
23.543565	-10.792164
23.935239	-10.864365
24.536299	-9.864535
24.793539	-10.278692
23.795184	-9.578756
24.462435	-8.837133
24.838655	-9.524336
25.740197	-8.664818
24.867724	-9.601701
25.321690	-10.527243
24.380717	-9.695922
23.382450	-8.961508
23.450196	-8.000521
22.609779	-7.059224
23.609010	-6.212467
22.741999	-5.642031
22.343530	-6.244603
21.565518	-7.114342
22.153278	-6.200900
21.343871	-5.359497
20.413860	-5.570527
19.427342	-6.570483
18.572216	-5.996087
19.426913	-6.030528
20.251265	-5.504643
20.597810	-5.758278
20.633366	-4.842263
20.163131	-4.739087
19.171899	-3.742545
19.410556	-3.913449
18.610931	-2.952571
19.517679	-1.979890
19.875636	-1.082159
20.607050	-1.920573
19.607737	-2.043012
20.607721	-1.641264
21.552008	-1.472182
21.945167	-1.264088
22.654838	-2.254056
21.684477	-2.433111
22.084910	-1.439134
21.087828	-1.071534
20.221293	-0.155672
19.258345	0.453565
18.312289	1.324325
17.635089	1.633352
16.662205	1.251724
16.140841	2.077349
16.890643	2.345954
17.890377	2.979372
18.879268	2.996917
17.916177	3.182025
16.927760	4.173387
15.928035	4.977462
16.927983	4.713123
16.487036	3.792747
16.644088	2.931492
17.346073	1.997324
18.338891	2.493812
19.190985	2.702311
19.185487	2.429781
18.190904	3.403921
18.976227	2.609399
18.299433	2.553973
17.927925	1.802393
17.190413	2.775730
16.544060	1.926802
16.138475	2.582909
16.910758	1.659595
15.934527	2.286935
16.060844	1.315168
16.942749	1.284123
16.225708	0.325103
16.553367	-0.452702
16.783559	-1.429250
17.560424	-1.664789
17.501434	-2.371793
17.511296	-1.624357
16.520123	-2.308378
15.898238	-3.277865
14.902957	-4.275397
15.790366	-3.453237
14.906425	-2.829062
14.796599	-3.751730
15.072861	-4.745858
15.351407	-4.898506
14.359815	-5.876822
15.342880	-5.092866
14.345971	-6.081707
14.565550	-7.069929
13.567825	-7.689573
13.186339	-8.689537
12.193172	-9.080120
12.946191	-9.096121
13.350544	-8.915624
13.580143	-8.044577
13.829252	-8.802437
12.833494	-9.774996
12.796808	-10.774835
11.809747	-10.534018
10.813840	-9.541358
9.891404	-9.502113
10.887588	-8.953461
11.477160	-8.944715
11.895141	-9.342541
12.056805	-10.220750
12.530395	-10.746656
11.656256	-9.927195
12.233829	-10.136653
11.673878	-10.994992
12.673442	-10.259772
13.673122	-9.284363
14.672543	-9.167190
15.672464	-8.167194
15.771831	-8.019277
15.533595	-9.001274
15.506375	-8.197392
15.356160	-9.190832
14.417835	-9.895044
14.540881	-10.891990
14.912115	-10.610127
14.073942	-11.376836
13.406118	-12.260677
14.402356	-11.285607
13.759816	-10.411673
14.482903	-9.664726
13.510914	-10.373559
12.635792	-10.105592
12.018331	-10.600464
11.752926	-11.136706
12.685533	-10.649251
12.318388	-11.591335
11.407192	-11.368080
10.432934	-10.666466
11.282222	-11.661060
11.926042	-12.645642
12.106748	-11.653149
11.464155	-12.175477
12.284149	-11.356464
12.604230	-11.095914
12.167348	-12.002057
12.614649	-11.230415
11.673991	-10.664168
10.854422	-11.194552
11.850874	-10.252304
10.850898	-9.971175
10.684023	-10.898774
11.270720	-9.931607
11.841959	-9.274909
10.982291	-10.273565
11.557124	-9.286869
10.564798	-8.573633
9.605394	-9.413419
10.575646	-10.193821
10.951928	-11.190519
11.758943	-11.933766
10.821447	-12.391402
11.820500	-12.400600
11.346774	-13.008686
12.189617	-12.091271
13.028464	-11.558961
12.388670	-12.295204
12.566188	-11.326191
13.450240	-10.909728
12.627608	-10.056310
13.090633	-11.056280
12.333309	-10.119483
13.051872	-9.279364
13.648629	-8.778552
13.965109	-7.923718
14.534549	-8.502360
14.822748	-7.533545
15.283106	-6.564345
15.044243	-5.738378
15.438089	-4.791386
14.456013	-5.776831
13.679960	-6.652195
13.069469	-7.527877
14.037128	-6.542351
14.840836	-7.300055
14.088129	-8.287928
13.335426	-7.297793
14.315185	-7.348194
13.559348	-6.442553
12.720134	-5.518349
11.725923	-5.138148
12.572176	-6.121142
12.433010	-6.627119
13.340501	-6.525717
14.244654	-7.525305
14.468229	-7.774435
13.488071	-8.671845
12.801769	-9.569162
12.228971	-9.038494
13.038475	-9.356460
13.993694	-10.331327
13.826785	-9.925174
14.760820	-8.992571
15.693935	-8.111031
14.696291	-8.316694
13.701270	-8.277716
14.684596	-8.892187
14.539409	-9.840636
13.548004	-10.677523
13.328882	-11.219345
12.508055	-11.651062
13.187063	-12.373606
13.197599	-12.383586
12.854390	-11.819456
13.707224	-12.781293
14.669433	-13.027737
13.670810	-12.033575
12.885284	-11.725884
11.919186	-10.865987
12.097150	-10.674706
12.773554	-9.713306
13.746888	-10.560562
14.554720	-11.556887
13.582793	-11.078227
12.702099	-10.078364
13.699401	-10.970211
14.116094	-10.188216
13.784407	-10.595308
13.168959	-9.959989
12.644441	-10.310796
13.044208	-9.348739
12.050188	-10.285066
11.064309	-10.814410
11.686504	-10.398097
11.708601	-10.871038
12.521402	-10.211075
12.733652	-9.457615
13.691887	-8.793291
14.498892	-8.740794
13.524650	-7.838437
13.488727	-8.134850
14.098539	-8.583929
13.735059	-9.422096
14.368347	-8.562256
14.479654	-7.617142
15.259409	-7.117833
14.261004	-6.580645
15.032749	-6.469127
14.601506	-5.469283
15.458629	-5.880484
15.915925	-4.962490
15.502462	-4.326856
15.071549	-5.081107
14.072262	-4.098398
14.767539	-3.836278
13.800985	-4.556925
12.957014	-5.479357
13.252847	-4.498146
12.269078	-5.332038
11.523899	-6.329666
12.131685	-6.383112
12.570177	-5.555957
13.441144	-4.583512
12.790433	-3.585806
11.822260	-3.270160
12.170799	-4.245623
11.504718	-4.175438
12.294720	-4.455098
13.002623	-5.097588
13.455215	-4.097707
12.884123	-5.075673
13.593963	-4.076542
12.772472	-4.546234
11.784073	-4.959791
10.905142	-4.187485
10.555231	-3.779407
9.962165	-4.504656
10.137673	-4.914521
10.682429	-4.140641
11.029596	-5.088888
10.184368	-5.741147
9.329298	-4.754751
10.131204	-4.869374
10.564886	-3.880043
11.252486	-3.085506
10.261021	-4.064611
11.164817	-4.670421
12.151545	-4.506625
11.164613	-4.816984
10.334170	-4.204641
9.969981	-3.621633
8.998328	-2.776067
9.980527	-1.860989
10.814063	-1.139654
9.850494	-2.113144
10.314580	-1.824270
9.852987	-0.826223
9.725421	-0.390639
9.777766	-0.075444
9.215688	-0.724094
9.541517	0.022653
9.061190	-0.692378
8.984412	-1.635822
8.411881	-0.639432
8.434236	-1.639257
7.756993	-2.024174
8.355088	-2.578967
8.187824	-3.478476
8.359980	-2.564274
9.311420	-3.467412
10.108693	-4.453050
9.958539	-3.467169
10.952801	-3.489977
10.372637	-4.477276
9.431046	-3.539619
8.911551	-2.539686
7.980191	-1.673616
8.703272	-0.772960
9.686101	-0.575602
8.751810	0.411106
8.930807	-0.517752
9.160627	-0.072769
8.953500	-0.008974
9.745030	-0.381430
9.282274	-1.206543
8.547436	-1.633984
7.829584	-0.805637
8.099608	-1.574631
7.558432	-1.235953
6.697644	-2.209991
6.707104	-1.738875
7.683698	-0.804112
6.834711	0.026009
6.147190	0.388695
5.436743	-0.534863
5.230315	-1.359806
4.514506	-1.785578
5.387765	-0.940656
4.511940	-1.860009
4.330232	-1.306942
3.793941	-1.906305
3.277154	-0.927050
3.325195	-0.660632
4.207771	-1.160785
5.024437	-0.306869
4.341233	-1.128958
3.479900	-0.562769
4.046079	-1.449230
3.116472	-0.471379
3.006686	0.444669
3.990047	0.346911
4.972425	-0.469800
5.831299	-0.785251
6.830012	0.077852
6.913347	1.069154
6.015236	1.533242
6.504036	2.074860
6.229067	2.605007
5.274528	1.885734
6.273915	2.193173
7.249658	2.946860
8.044184	3.631141
8.159198	3.320028
8.428301	4.201077
8.931440	4.362817
7.934641	5.304043
6.968346	5.039193
7.542142	5.755221
6.543540	4.908180
6.278079	5.907714
7.047799	6.656860
6.610982	7.640401
6.762065	8.307728
6.393846	7.319110
7.391245	6.402825
7.552023	6.254803
8.505854	7.136622
7.885958	6.223664
7.712120	5.837795
8.323462	6.183043
9.296279	5.345333
8.654316	5.372000
8.959061	5.457817
9.637789	4.522823
9.180912	4.063400
10.126303	4.456427
9.882119	3.748376
9.661702	3.360486
10.660128	3.924579
10.415322	4.052490
11.262911	3.654983
12.262705	4.415704
12.180506	5.212813
13.139871	4.958616
14.004521	5.545326
14.999966	5.256838
15.049216	4.554801
14.099766	4.297333
14.869525	5.207664
14.286088	5.600748
15.071930	5.023108
15.762945	4.412063
15.930379	3.897369
14.963742	4.891092
15.962021	5.891023
15.945865	6.371052
16.332592	7.371043
16.536830	7.680657
15.737222	8.562171
16.735554	8.444632
16.600713	8.291977
15.615957	8.475454
14.804995	8.001169
15.802117	7.033119
15.869507	6.267526
16.480604	7.009907
16.563506	7.115157
16.486782	7.363746
15.688341	8.347187
15.332953	7.792979
14.351704	7.452738
13.887533	6.473296
14.231673	5.838006
14.726737	4.880575
15.651389	5.719399
15.252190	6.584257
15.918264	5.611931
15.266088	4.617327
15.010608	5.422651
14.073797	5.102599
15.071733	4.574845
15.944070	5.564022
15.154938	4.656745
14.766920	5.622281
15.582958	6.312513
15.901424	5.588066
15.455852	5.745990
14.885355	5.635724
14.223100	5.546640
13.830624	5.987266
13.363110	5.260251
13.432687	4.322739
12.565376	5.026079
11.596825	5.737438
10.608990	5.631696
11.502522	5.850311
10.602081	6.678842
10.242657	7.575169
11.229839	8.268521
10.479804	8.708872
10.522648	9.630488
10.222760	10.114008
9.693983	10.411949
8.877303	10.577845
7.953056	10.053188
6.994706	11.048704
6.028742	12.024602
6.994965	11.768130
6.463703	11.278118
7.325467	10.358604
6.406824	11.198833
6.224294	11.954177
5.831758	11.771123
5.445291	12.741718
4.863788	11.794350
4.220264	12.410174
4.969125	12.794538
5.361023	12.509367
6.127760	11.531854
5.229873	10.645787
4.896532	10.811244
5.734775	11.808189
5.788523	11.497332
6.119710	11.012373
5.138858	11.993517
4.349189	12.559952
3.420003	11.671561
3.532210	10.671869
2.918256	10.391331
3.882585	10.350857
3.924103	10.918633
4.736266	11.639334
3.758086	12.615176
3.299148	12.146518
4.206977	13.146298
4.201210	12.150608
4.056447	12.991981
5.056339	12.900609
5.831565	13.848935
6.658131	13.078366
5.666360	13.141034
5.577588	12.655502
6.091447	12.455526
5.627739	11.523220
4.631183	10.546089
4.954823	9.546950
5.684656	8.967318
6.433491	8.450238
6.821090	8.089085
7.334873	9.088483
7.676414	9.597310
8.668287	10.071312
7.774913	10.213087
6.941384	9.300437
7.121026	8.374637
6.678281	7.421999
7.113568	7.783400
6.385175	8.619445
7.371023	9.582507
7.952038	9.333691
8.950335	9.047354
8.661559	9.772392
9.276348	10.680713
9.061760	10.941748
8.999760	10.255834
8.705397	9.973222
8.427969	10.883699
7.717299	10.150045
7.178834	11.129081
6.231515	10.750751
7.060913	10.043148
6.982005	10.546670
7.896584	9.874612
7.001584	9.629249
7.449416	9.159985
6.449422	10.078706
5.468971	9.122344
5.074841	9.774651
6.065738	9.962381
5.163786	8.981737
6.007298	7.992631
5.917974	8.952041
6.879410	8.307055
7.774920	8.969113
8.562039	8.260693
9.506262	8.332534
8.506263	9.299797
9.331839	9.703145
10.169816	9.566366
9.381708	10.560001
10.192282	9.947276
9.234923	9.213598
8.879849	8.219868
9.873460	7.341341
10.169836	7.668630
9.401845	6.703829
9.864666	5.881700
10.716141	6.861256
9.750822	6.770597
8.951530	5.969691
8.184422	5.665481
7.644717	6.307887
7.697220	5.308322
6.736848	4.500151
6.570923	4.128668
7.307603	4.830835
7.813728	4.396255
8.812703	4.229346
8.280149	4.387065
8.604506	5.146544
7.619789	4.627813
8.181456	3.835514
8.241709	2.836499
8.895069	1.857204
8.848699	2.069675
7.943158	2.865705
8.938648	3.399064
7.963426	2.409928
8.521493	2.469279
7.808677	3.157293
8.757528	2.158586
7.757721	1.180444
7.369487	1.154850
7.001205	0.335468
6.018081	0.288658
6.267468	0.297581
7.097187	-0.452673
6.494149	0.409171
5.715291	0.344505
6.456619	1.093442
7.445481	0.800210
6.448237	0.745851
5.795930	0.452884
5.888944	0.571176
6.860769	1.215667
6.058781	0.685190
6.741306	1.266628
6.398694	1.611870
5.600251	1.639331
6.421138	2.377309
5.423896	1.724781
6.092109	1.106556
5.101552	0.124872
6.033005	-0.389626
5.779406	-0.034229
6.732942	0.960052
5.943530	0.730340
5.890933	1.729107
4.893081	1.874360
4.725626	2.173212
3.875508	3.063903
3.225081	2.801998
2.337335	3.152821
3.333509	3.319757
4.259964	3.816927
4.802124	3.372795
5.784018	4.337628
6.213670	4.390653
7.110752	5.075417
6.281747	5.831117
6.719572	6.114612
6.038141	5.136118
7.036593	4.494126
8.024123	4.615032
8.875954	3.615084
9.787120	4.508957
10.682383	5.469052
11.349163	5.485647
10.750442	4.684974
9.761840	5.201663
10.679723	4.289341
11.676299	3.725801
12.664173	4.590181
11.869128	4.887405
11.643683	3.939949
10.793750	4.163814
10.755586	4.426825
10.773595	5.426672
11.682164	6.416877
11.543922	5.585113
12.535494	4.739657
13.030111	5.297427
13.991187	5.508318
13.152050	6.443516
13.906533	7.107570
13.726522	6.205728
14.026195	5.240315
13.874896	4.251314
14.578278	4.945436
15.013461	5.790960
15.901384	6.785484
15.191714	7.690316
15.030970	6.968073
14.133720	7.931975
14.752321	8.759573
15.701867	9.618801
16.101794	10.599187
16.047164	9.607823
16.033059	8.799654
16.913742	9.563319
17.890759	8.611750
18.858412	7.615756
17.859599	6.697413
16.887787	7.373121
17.240319	8.145486
16.275389	7.152406
15.440873	8.018526
16.289442	7.283430
17.260697	8.132815
18.149770	9.043187
17.150570	9.756694
16.580045	10.688502
16.018619	10.073961
16.894783	9.500919
15.933516	10.340464
15.842033	10.814652
16.807944	9.874137
17.201504	10.085656
16.472259	9.099485
17.049824	10.023134
17.916778	10.659234
18.789028	9.765644
17.852413	8.889148
16.891211	8.325908
17.381619	7.640655
17.552465	6.789471
17.531112	7.491921
18.514754	8.035549
18.384963	8.351847
18.008635	9.269210
18.258487	9.728718
17.473030	10.599315
18.206963	9.633665
17.541951	9.640541
16.546590	9.752076
16.157008	9.172591
16.852852	8.559785
16.700862	8.988659
15.783315	8.080551
16.771318	7.475914
15.844067	6.528821
15.747467	7.447866
16.641191	8.444308
16.472395	7.616371
16.237170	7.401830
16.773454	7.416907
16.004545	7.747947
15.499478	7.694934
15.573954	8.646093
16.572889	7.646331
16.773575	6.708343
16.176451	5.882523
15.875594	5.170418
16.739205	4.175752
15.798553	4.807234
15.279303	4.140333
16.126244	3.540955
17.032858	2.685822
17.562646	3.508201
16.563915	4.222625
16.184658	5.092601
15.474252	4.138656
15.651545	5.107255
15.900530	5.210760
15.055989	6.189725
15.181164	6.909619
16.028693	7.602456
17.014613	8.570397
17.001725	9.211868
17.938594	10.148067
18.128357	11.130308
19.014605	11.860967
19.753525	12.654883
20.732276	11.671215
19.733445	11.925306
20.310256	10.982763
20.566112	11.157122
19.566759	10.733927
19.642694	9.757093
18.785324	10.558534
19.697949	11.344732
19.536111	10.513887
18.545786	9.513902
19.489775	10.502357
20.135418	10.481407
19.263282	10.970409
19.096276	11.000034
19.334527	11.841104
18.703247	12.742815
19.433218	13.486947
18.785951	12.496412
19.710507	12.927104
20.018375	13.274661
21.018341	13.039928
21.558504	12.532353
21.165264	13.079563
22.096770	13.318820
23.017208	13.808289
23.261756	13.743019
22.645811	12.930233
23.642093	13.315934
23.531388	14.312613
22.597743	13.968310
21.715416	14.918527
22.431783	15.865130
21.932847	14.867456
22.914744	15.858830
23.282911	16.851350
23.061248	17.778025
23.412891	17.064756
23.559402	17.019943
24.536352	16.045199
23.577093	15.466836
24.248943	16.327877
25.025233	15.342378
26.021329	14.647461
26.557990	13.667261
27.192040	14.262838
26.668651	13.878949
25.852426	12.903357
26.513515	12.484236
25.555161	11.872734
25.851668	10.876552
26.555190	10.375726
27.445510	11.284220
27.694939	10.336796
28.153128	9.337479
27.301092	10.060669
26.753273	9.781279
26.481796	9.477168
26.043531	8.542447
25.147168	9.394629
24.301322	8.982566
23.373461	9.424116
24.056616	10.264563
24.684413	10.234762
25.528663	10.801435
26.301331	11.766632
26.937778	11.869144
27.194816	12.266067
26.685990	12.258202
26.768349	13.104916
26.797446	13.997172
25.817652	14.520416
25.633390	15.517712
26.604335	15.782849
27.510411	16.427792
27.788984	17.269009
28.751074	16.273989
27.894501	16.790260
28.784780	17.780956
29.656211	17.873615
29.206942	17.699429
28.857111	16.784299
29.854492	16.687018
30.587768	17.582433
29.591777	16.795650
28.596731	17.788617
29.020046	17.890225
28.601373	17.641097
28.573153	16.859536
27.705396	17.777191
28.686207	16.805337
27.699399	16.725408
26.755869	16.354864
27.650820	16.489625
27.891511	17.317417
26.892409	16.666323
27.589058	15.715529
27.299217	16.380679
26.898367	15.875950
25.970323	14.999335
26.106051	14.536444
26.919531	14.832874
27.848393	13.850625
26.997299	14.789570
26.112591	15.668139
25.387687	15.952858
26.354046	15.390453
25.421260	15.312985
25.980866	15.219374
26.979206	15.563054
26.498125	15.662893
27.434657	14.707024
27.221305	13.912305
28.076479	13.325223
28.199352	14.124793
27.295169	14.381228
27.132924	14.202836
26.133790	15.179490
25.773989	15.739462
24.930876	14.746284
24.834612	13.775699
25.229171	14.762328
24.882381	14.047428
24.796326	13.809954
25.425560	12.820274
24.594952	11.894735
24.836336	11.664416
24.062889	11.693200
24.470509	11.552048
25.296600	12.068781
26.004021	11.912100
26.699030	12.724821
27.642886	13.414281
26.974303	14.176064
25.988114	13.189572
26.820242	12.192020
25.902206	13.175454
26.875026	14.174020
27.704830	13.224736
27.993958	13.518526
27.099525	14.152655
27.733382	13.392618
28.631873	13.589063
29.303360	14.230580
30.301787	15.221134
29.313536	14.475785
29.333312	15.080112
30.327513	14.142973
30.487949	14.810398
30.975778	15.810384
31.512200	16.807324
32.509371	15.819858
31.543119	15.515825
32.537618	15.841291
31.949467	14.858982
30.950022	15.319335
31.428138	16.113469
31.201102	16.692722
31.640998	15.870533
31.894705	14.949230
32.787178	13.954537
32.359717	13.071159
33.042810	12.126399
32.378507	11.569326
33.253141	10.624795
33.814574	11.622991
34.730537	12.405972
35.706745	11.782300
36.537396	11.464402
37.479507	10.465134
37.344781	10.161399
37.770850	9.569313
38.591087	9.359767
39.590961	8.371524
38.862098	9.334667
37.892176	9.616916
38.822533	10.597809
38.622258	11.026818
39.485203	10.525672
40.474350	10.502064
40.285209	11.238115
40.368796	10.262790
40.213562	11.217458
39.432704	11.951607
40.018422	12.278327
40.777998	11.588751
41.777705	11.178693
41.953043	10.586971
40.975306	9.599810
40.267292	8.777452
41.261035	9.634753
40.947308	9.166477
40.206542	8.668942
41.205577	9.622944
40.205585	9.432705
39.928391	10.413858
40.732981	10.217946
41.732585	10.920600
41.627711	11.523079
41.594981	10.855588
42.152473	10.075131
42.231451	9.231690
42.481645	8.979146
42.415641	9.978286
42.011788	10.731368
42.809848	11.685575
41.825519	12.254298
42.008030	11.723692
43.004488	12.697929
43.256572	12.786180
43.663318	12.760144
43.384253	13.736708
44.359441	12.768961
43.826395	11.775933
44.610511	12.336386
44.035453	12.031416
43.955074	12.540064
44.209480	12.867271
45.171003	12.677252
44.804897	13.667824
45.593937	14.189871
44.689706	14.655443
45.094354	13.688459
44.591239	12.743196
45.590783	12.474185
45.349168	13.399590
46.304975	13.360809
45.319691	13.859103
45.030427	14.601627
45.627454	13.671511
44.656569	13.644399
44.722681	12.695910
45.597129	12.378123
46.206852	11.671437
47.077354	12.529010
47.680454	12.382564
46.794052	11.403740
45.986765	12.027012
44.988092	11.032421
45.322073	10.950800
45.154557	11.047145
44.852375	11.940197
43.861512	12.827768
43.026395	13.737257
42.675918	14.735614
43.674531	13.910266
43.758885	12.910357
43.154929	11.998103
42.824385	11.990847
41.889887	12.649735
41.381760	11.689635
40.734121	12.688297
39.851599	11.690977
39.188729	11.266774
38.189204	10.391903
37.252035	9.401338
36.854222	10.189272
37.677182	9.226534
37.261497	9.204793
38.249524	8.496712
38.328523	8.290627
37.345411	8.127820
37.152541	8.800852
37.408180	8.943161
36.673470	7.948714
35.835120	8.926211
34.850919	7.934383
33.863824	7.315286
32.883988	8.160504
33.332520	8.330013
34.330827	9.324106
34.633801	10.263157
33.783689	9.650996
34.594779	8.658912
33.790924	9.111696
33.177117	9.960030
34.142909	9.071577
33.758627	8.073903
34.696042	7.466379
34.905500	7.086289
34.384945	8.020225
34.951601	8.768395
35.923508	9.490978
36.907760	9.527400
35.927583	8.726997
34.936534	8.586220
35.667144	9.490240
36.139696	9.294530
36.355072	8.856119
36.284052	8.199239
37.283923	7.530915
37.441965	7.805703
36.506779	8.039250
36.846477	8.696885
36.216027	8.167719
37.162786	8.301945
37.353697	7.339427
37.910777	6.340462
38.418785	7.256320
38.500625	6.311394
39.474366	5.312744
39.665367	6.143939
40.545961	6.439461
40.163404	7.401449
41.151596	7.085476
41.989417	6.948139
41.072484	6.034565
42.062616	6.083006
42.671405	5.199356
41.887097	5.171760
41.022267	6.011605
40.035398	6.956378
40.696537	6.046843
41.625426	6.997457
42.291554	7.892920
43.291395	7.318317
44.208771	8.296343
45.141412	8.380569
45.051553	7.380843
44.698407	8.378806
44.360295	9.355443
44.560552	10.353294
45.365390	11.351433
45.251615	11.628624
46.162170	10.778825
45.209370	10.878474
46.209197	11.331984
45.788957	12.094418
45.831010	11.407172
44.905396	10.710269
45.197439	11.105191
44.210046	10.111568
43.632267	9.607687
43.603602	9.105587
43.120093	9.431771
43.676349	9.590841
43.560928	10.302245
43.337519	11.170205
42.584580	10.837348
42.821162	9.926864
43.035351	8.929287
43.537567	9.909895
44.051978	9.090778
43.431140	8.540760
42.451509	7.580167
42.667142	8.575735
42.791135	7.577439
43.790958	6.902916
43.338341	5.904043
43.638112	5.076703
43.919062	4.795142
43.496118	5.184986
43.022070	4.975176
43.141040	4.624182
42.149215	4.974677
41.442406	3.978538
41.726899	3.012061
42.686514	3.261250
42.042136	4.188181
41.370387	4.807917
42.156491	3.992235
41.465696	4.848913
40.617646	5.584830
40.814665	5.068469
41.581888	5.174406
40.673658	4.618280
41.657629	5.618268
42.639774	6.569189
42.854402	7.521977
42.898421	6.525878
42.280098	5.788614
41.295593	4.972252
40.756508	5.417484
41.519257	6.372455
41.442546	6.241842
40.617863	5.410639
39.937779	4.423641
40.363055	4.162294
40.980574	4.757550
41.672234	5.757078
40.810159	6.123585
41.340503	6.775973
40.969414	7.508846
40.583561	6.947102
40.091872	6.521013
39.459314	6.369026
39.756382	7.020614
40.203135	7.285157
39.233789	6.313845
39.267287	7.299183
39.376192	8.142349
40.100351	7.546151
41.018973	8.494846
40.088223	8.973387
39.777583	9.392686
39.272305	10.054684
39.963306	10.083982
38.963387	9.710564
38.261843	10.637969
37.284611	10.377476
38.018171	11.000140
38.932839	10.501591
39.120694	9.502696
38.416603	8.504452
37.435187	9.231934
38.408689	8.277253
38.164197	9.114211
37.833966	10.101562
36.866906	9.343780
36.533634	10.183925
36.258994	9.419935
36.109320	10.282890
36.776654	9.296143
36.630166	8.298103
37.605978	9.233711
37.406406	9.736533
37.100085	8.920934
38.100073	8.798891
37.258178	9.505518
37.077563	8.814354
36.078011	9.730543
35.203073	8.768642
34.216946	8.102698
35.210027	7.691161
35.192159	8.588333
36.032214	8.845749
37.002630	9.595143
37.268745	10.156747
37.900765	9.752298
38.513040	10.370338
39.214322	9.928171
39.583095	10.377371
39.741446	11.308699
40.683020	10.562879
39.767230	11.549801
38.770322	11.978679
37.801514	12.530175
38.461028	12.613737
39.450592	11.944691
40.393186	10.957860
40.665170	11.188691
40.762891	12.056855
39.945665	11.886211
39.868723	11.617145
40.700852	12.288439
40.109991	12.492731
39.742016	11.645998
38.775658	11.135426
39.757996	11.703076
38.804424	11.137152
38.111485	11.512323
37.609413	12.382549
38.175753	12.189588
38.593964	12.923549
37.735611	13.640098
38.350043	12.953647
38.863342	12.265057
39.098414	11.859529
38.266395	12.168690
39.037654	12.168491
39.534996	11.170164
38.556127	10.388479
37.741572	10.334318
37.878722	9.612057
37.087405	10.515314
37.248873	10.662183
36.512240	10.027058
36.871740	9.802959
35.991293	10.519762
35.493856	9.661057
34.493856	9.520499
33.531741	8.662477
34.152906	9.661723
34.274438	8.665097
34.002445	9.507997
34.084324	9.750619
34.894701	8.758294
34.479317	7.810950
34.549041	8.347166
34.086282	9.179187
33.239745	8.865638
33.666275	7.900999
32.733674	8.624172
32.260628	7.864224
32.223840	7.836332
31.904367	8.835641
30.910759	9.660235
31.749107	8.811443
30.947106	9.577324
30.144574	8.643092
29.153043	7.892104
29.725717	7.416402
28.898843	7.596808
28.729855	8.460881
27.802888	7.854972
27.363200	7.679090
27.928635	7.664492
28.018438	7.099360
28.719588	7.649616
27.753880	6.975170
28.603900	7.807325
29.250448	7.187983
28.877978	6.195974
28.767399	5.229197
29.608282	4.365614
28.796258	5.011453
28.480653	4.679997
29.459436	3.717891
30.447223	4.717223
31.141296	4.202232
31.717723	5.142147
30.783312	5.155536
30.455661	6.054183
29.638302	5.625357
28.777526	5.969516
29.155299	5.948748
29.389572	6.259194
30.161661	6.114505
