0.000000	0.000000
0.997739	0.897043
1.971356	0.963211
1.580839	0.681494
0.597148	1.546911
1.549435	1.190876
2.060002	0.359100
1.907176	1.125735
2.427678	0.129985
2.675016	-0.789649
3.655436	-0.317430
3.821918	-1.262141
4.715722	-2.049633
4.578152	-1.714664
3.613365	-2.334480
3.280466	-3.322479
4.258970	-4.285683
5.076984	-4.308180
5.408899	-4.836615
6.361816	-5.704841
7.244512	-5.702768
7.399050	-6.701681
7.955885	-6.699949
8.691765	-6.656832
8.785580	-7.202373
9.217643	-6.244750
10.214014	-6.820924
11.024245	-7.343838
11.074250	-6.460679
12.052553	-7.411107
12.231845	-8.264639
11.340853	-9.190313
10.658768	-8.306422
11.016170	-8.707119
11.880308	-9.705472
11.987008	-10.555789
12.046448	-10.296715
11.221580	-10.901937
12.186987	-11.876476
11.417766	-10.939789
10.698203	-10.522154
9.902067	-11.152808
10.885332	-10.195900
9.894049	-9.204754
8.912732	-9.128265
9.896032	-8.128354
10.480832	-7.519761
11.411470	-7.645405
11.244646	-8.383788
12.103251	-9.151861
11.404774	-8.243459
10.414664	-7.588754
10.583143	-7.144747
11.581112	-8.140284
11.812911	-8.728968
12.712374	-8.189971
13.692720	-7.297781
14.686325	-6.925201
13.963740	-7.168029
13.471239	-6.628689
14.457040	-5.683279
13.928981	-4.785421
13.612194	-4.188354
13.288207	-3.717774
13.188088	-4.696156
14.114556	-5.319475
14.916852	-5.562146
14.733865	-6.252405
13.972373	-5.259630
13.216913	-4.669124
13.898337	-4.928313
14.259828	-5.511382
14.927299	-6.396980
15.898467	-6.320328
15.232868	-5.357699
14.351916	-4.733752
13.530093	-5.231982
12.625809	-4.271999
12.227750	-3.278170
12.023111	-3.766074
12.972514	-4.749956
11.985816	-3.931262
11.573583	-4.931047
12.554185	-5.357627
13.544260	-6.148189
13.066236	-6.777045
13.452786	-6.013832
13.717797	-5.686083
14.693801	-6.685705
13.726693	-5.812369
14.681511	-5.130644
14.517263	-5.918883
15.491256	-4.956757
16.420291	-4.153445
15.494342	-4.987104
16.406142	-5.636450
15.487162	-5.083049
15.582079	-6.082857
16.118095	-7.040428
15.709316	-6.129266
14.775810	-6.052054
15.669176	-6.774396
16.254465	-7.516744
15.837873	-6.852823
15.114231	-5.867665
14.170137	-6.741716
13.624107	-5.864592
13.234114	-5.172331
12.259287	-4.172565
12.132970	-4.010879
12.978375	-4.863506
12.332879	-4.039308
13.239938	-3.469220
14.052882	-2.477809
14.362003	-3.457778
13.512556	-4.234726
13.786777	-4.145001
13.660921	-4.485510
13.060215	-4.784375
13.989402	-4.948313
14.447632	-4.990932
13.825081	-5.092371
13.382634	-5.360427
14.170782	-4.584858
14.417945	-5.288946
14.915503	-4.601786
14.686227	-5.541726
13.708450	-4.755356
13.963860	-5.154326
13.103451	-4.612557
12.529860	-4.633690
13.479953	-3.857461
12.486105	-2.954186
13.343194	-3.815267
13.203700	-3.019789
13.564123	-2.690026
12.992593	-2.391376
13.965237	-1.515768
13.125855	-2.297502
12.141847	-2.976498
11.148603	-3.741430
11.081822	-4.734821
10.142971	-3.773227
10.853242	-4.592994
10.985206	-5.560618
11.910698	-4.883945
11.637909	-4.235357
11.576846	-3.309414
10.664417	-2.485382
11.653758	-3.445976
10.654944	-4.316340
11.234120	-3.524553
11.024118	-2.866192
10.035794	-3.801002
11.019851	-4.126977
10.645850	-3.836133
9.787572	-3.524901
9.966679	-3.338623
9.928242	-2.513759
9.518275	-2.343791
10.459120	-3.343215
11.069678	-4.340808
11.692053	-3.779750
12.641953	-2.810877
12.648594	-2.981784
13.648098	-1.982668
13.984510	-1.186115
13.219101	-0.659442
13.149742	-1.412097
13.340180	-0.418074
13.717284	0.125701
13.323727	0.727088
13.952037	0.175241
13.055038	0.773184
13.038781	1.410118
12.147274	2.345331
12.757670	1.915869
13.666082	0.945119
14.654588	1.058317
15.654558	0.068830
16.652859	0.045023
17.635392	-0.914696
18.258752	-0.139958
19.003046	0.427666
19.169852	-0.430191
18.515741	-0.212860
18.550951	0.686150
17.640390	0.085622
17.771298	-0.687672
17.489466	-0.572899
18.470802	-1.555940
18.715211	-2.450633
18.458646	-3.229314
17.482878	-2.235108
18.194410	-2.461419
19.193710	-3.204343
18.214543	-3.427065
17.689614	-4.319288
17.245763	-4.602215
18.124004	-4.890372
18.374183	-5.867481
17.502114	-6.083414
18.473710	-5.998293
19.124776	-5.004079
19.822345	-4.165488
19.814946	-5.002776
20.539413	-5.240003
20.034527	-4.362934
19.240293	-3.410192
18.316671	-2.419785
18.236389	-2.002191
18.879689	-1.009883
18.086886	-1.959319
19.028150	-2.940268
18.458396	-2.786692
18.361755	-3.132727
18.301596	-3.953421
17.310788	-4.937493
17.949942	-4.273525
18.909225	-5.267975
17.945075	-6.229322
17.054912	-5.756969
16.559373	-4.758546
15.721689	-5.749502
14.787499	-5.566146
15.787491	-4.663613
14.817693	-3.895411
13.868794	-4.679854
14.799153	-4.062394
13.909170	-3.088910
13.037073	-3.930659
13.588557	-3.089579
13.206204	-2.337666
14.130044	-2.634194
14.123767	-2.740450
13.929357	-1.774655
14.100991	-2.559252
13.873348	-1.921987
14.691507	-0.981969
15.219598	-1.227223
14.711899	-2.074274
14.515778	-3.033622
15.506762	-2.165043
14.929247	-2.653038
14.003133	-1.663130
14.278519	-1.787315
15.188279	-1.486877
15.829451	-2.486238
14.974743	-2.022712
14.644272	-1.171279
15.574592	-1.678931
14.616286	-2.532499
13.683810	-1.664402
14.629251	-1.905022
13.643892	-2.879928
14.525854	-3.815407
13.818382	-4.772677
13.020667	-5.378258
13.995443	-4.378758
13.005326	-4.539790
12.011433	-5.530244
11.012126	-5.842451
11.178218	-6.633182
10.832258	-5.704126
10.656354	-6.340712
10.059344	-7.321038
10.400620	-8.260416
9.666679	-9.013629
10.652356	-9.416671
11.109568	-9.082448
10.512905	-8.082575
10.492502	-8.228629
11.445044	-9.013874
10.569347	-8.929741
11.334624	-8.328844
10.364723	-8.884166
10.849699	-8.604736
11.466389	-9.228228
11.099565	-8.921962
11.389596	-8.397216
12.318707	-7.593193
12.665103	-6.593659
13.624262	-7.517437
14.397198	-7.958007
13.674428	-7.560685
12.975582	-8.553050
12.563695	-9.266344
12.296736	-8.523735
11.302660	-7.550915
10.572831	-8.107624
9.803173	-8.592967
10.184866	-7.610244
11.159981	-6.739774
11.628000	-7.565590
11.829970	-8.269798
12.743372	-9.105072
12.887410	-8.107216
13.705516	-9.097117
14.602247	-9.171702
14.038866	-8.871861
14.983623	-8.697448
15.398842	-7.971557
14.833127	-8.614565
14.754718	-7.856336
15.202905	-7.182356
15.083407	-7.584236
16.056425	-8.073644
16.281885	-8.064372
16.278656	-8.719584
15.722398	-8.514452
15.797355	-9.499927
16.506837	-9.430470
17.501315	-9.599007
17.428653	-9.252984
18.399033	-8.631059
17.400223	-8.541236
16.520677	-9.470130
15.770446	-9.014030
14.889528	-8.317951
15.123923	-9.317552
15.185177	-9.666436
14.757581	-8.681112
15.404095	-8.060717
15.224271	-7.411743
15.038273	-7.809499
15.649780	-8.068623
15.101994	-7.938195
16.083504	-8.712706
17.082761	-9.677713
16.757275	-9.956513
17.562780	-8.996213
18.544290	-9.134153
19.332991	-8.341599
18.514484	-8.173300
17.524987	-9.103663
17.665364	-10.082448
17.684377	-10.378913
18.683770	-11.039814
18.118665	-10.050452
17.976605	-9.341755
18.236663	-10.059463
17.738887	-10.805970
18.522892	-9.859420
17.523823	-10.509926
18.521832	-9.551220
19.069859	-8.909014
18.228553	-9.834907
17.557934	-8.891352
18.061380	-7.898914
18.229071	-8.681090
19.197402	-8.653448
18.559480	-9.616858
17.612996	-8.825016
16.775125	-7.861761
16.080548	-7.109932
15.208400	-7.967701
16.207134	-8.480587
15.908832	-9.061118
16.117401	-8.094668
16.358178	-7.105455
15.504688	-7.838759
14.981690	-8.738533
14.045872	-8.922163
14.750330	-9.553279
15.053228	-10.128743
15.042882	-9.130276
15.876304	-9.776132
16.853075	-9.522057
17.830755	-9.168412
17.326243	-9.725843
16.443611	-8.725998
15.538700	-9.239869
16.066611	-8.503114
15.069785	-7.809675
14.531425	-6.823007
13.739924	-7.822801
14.574105	-8.177784
13.683393	-7.367654
14.537183	-8.320057
15.503216	-7.664071
14.705835	-6.695416
14.092643	-6.757703
14.528604	-6.117516
15.509736	-7.088990
16.001914	-7.838562
15.263498	-7.301593
16.001307	-8.226085
17.000939	-7.955809
17.939815	-7.849172
17.058695	-6.872634
17.115303	-6.708417
18.087259	-7.572479
19.067734	-8.223761
20.062846	-8.902106
19.673887	-9.063865
20.673437	-9.563729
21.075263	-8.755747
20.179705	-8.718160
20.115087	-8.108464
20.388583	-8.543364
21.370257	-7.648671
22.363430	-8.170708
23.360842	-8.314274
24.323116	-8.725139
23.354428	-8.030348
23.559324	-7.049159
22.735779	-6.049640
23.486411	-5.331520
24.160921	-5.914887
24.136731	-5.006337
24.843878	-4.006354
25.659865	-3.642925
24.848465	-3.797550
25.765769	-2.950077
26.643146	-3.723503
27.489720	-4.027314
28.464844	-4.654701
29.118852	-4.503724
29.799421	-5.409617
30.762697	-4.530903
31.087513	-3.643080
30.133177	-4.237719
29.231505	-3.831412
30.218041	-2.874066
29.712923	-1.883863
28.722411	-0.916407
27.733038	-1.376849
27.617175	-0.916542
28.422993	-0.051552
27.561639	0.081365
27.912569	0.969902
28.897229	1.960797
29.097412	1.101801
29.080905	1.621924
28.519574	2.589502
27.654835	1.789795
26.912027	1.568837
25.953781	0.643959
25.152405	1.082768
25.927958	0.088998
25.367979	-0.429709
26.301205	0.308576
26.821303	1.277145
27.080251	2.273383
26.117631	1.572955
25.899317	0.576504
26.849133	1.575505
27.825177	2.443476
28.660432	3.422978
28.633134	2.423073
27.736266	1.544947
26.928353	0.615947
26.267722	0.949626
25.549237	1.156063
24.555736	0.163065
24.651835	0.922450
24.237763	-0.040985
24.115973	0.078770
24.982477	0.218154
24.949215	0.463966
25.753600	0.649699
26.080137	0.962374
25.850674	1.813868
26.050994	2.500663
25.322579	2.674164
26.019333	1.737511
26.642862	0.747388
25.902334	-0.237184
26.100550	0.760725
26.475015	1.757075
27.458300	1.295236
26.646147	2.265657
26.438852	1.388491
26.562322	2.339650
27.160086	2.249255
26.627048	3.249244
25.665260	2.469144
25.356911	1.595845
26.349233	1.484307
26.594898	2.074088
27.592938	2.925708
27.862504	3.666961
28.779201	2.772691
29.626471	1.953387
30.547796	0.968862
31.315166	1.183407
31.015907	1.110368
30.571909	0.619814
30.986749	1.171048
31.184335	2.047515
30.403228	2.402869
29.524579	3.217271
29.216970	2.528661
30.210901	3.434821
29.413487	4.371266
29.220596	5.023412
28.239218	4.573159
27.246961	4.004931
27.243912	4.426749
26.306560	3.504242
26.880739	3.170547
27.455651	3.473400
28.371442	4.351824
29.350495	5.351719
29.265001	4.432198
28.381672	3.707333
28.341040	4.540964
29.331135	4.194947
30.305689	4.225567
31.016044	4.634899
31.338021	4.073649
31.762750	3.082684
30.771039	3.928243
30.318313	4.920341
30.445703	3.926829
31.312493	3.461626
30.873755	3.039099
30.171011	3.685821
30.975298	4.239277
30.317628	4.989815
30.499188	5.963518
30.587989	6.104970
29.902114	7.103622
30.879853	7.659080
30.797382	7.119952
31.328704	7.362753
30.329055	6.521918
30.699774	6.676636
31.699735	6.586720
31.422286	5.593786
31.219687	6.288189
30.862818	5.676492
30.504025	6.079072
31.503009	6.616598
30.517794	5.893690
30.671601	4.955955
31.218084	5.021410
31.694587	5.993496
31.577414	6.953079
30.842360	6.754402
31.596722	7.016876
32.595698	6.340663
33.338709	7.251690
32.715496	7.914415
32.386737	7.532649
33.133647	7.402045
32.733662	6.941607
31.869456	6.239413
31.242241	5.775726
32.220068	6.435599
32.497041	5.501616
32.854835	5.794762
33.272521	5.664365
33.211875	6.185637
33.616025	5.493054
32.883211	6.448371
32.368948	5.801782
33.232704	6.094827
33.507211	5.733369
32.597016	5.790249
31.597256	6.086106
30.614855	5.161055
31.599031	5.493917
30.679023	4.616257
29.997892	4.806805
30.216914	3.949533
30.044111	3.395903
30.787661	3.964313
29.889817	4.747046
30.295645	3.747842
31.286683	2.801950
32.229449	3.583199
31.370319	3.396154
31.738193	4.362761
30.754651	5.056763
30.443825	5.215887
30.926242	6.091568
31.448441	5.314969
31.612312	6.304223
30.628776	5.512320
30.583803	6.432396
30.219326	6.560727
31.054934	6.112044
31.797932	6.237322
31.592937	7.188003
31.678541	6.190628
32.477137	7.158478
33.301536	7.050084
33.235481	6.491716
33.085506	5.522257
32.875728	5.972114
33.272121	6.627550
32.446920	5.810076
33.431736	4.903470
34.324635	4.896248
33.864370	4.024502
34.262744	4.776683
33.888711	3.791406
34.815106	2.852001
35.108162	2.022471
35.894907	2.396297
35.107994	3.362769
34.979477	3.426075
34.828978	3.363346
34.036396	3.660410
34.220353	2.757548
34.939500	2.199034
35.206561	2.366227
35.227749	1.370818
34.963290	2.253977
34.860398	2.044880
35.400463	2.535515
34.913351	2.349445
35.247786	3.341926
34.736169	3.385496
35.627817	3.745670
34.684911	4.652133
34.097274	5.544415
34.461328	6.247132
34.967888	7.207312
35.438489	6.868006
36.185284	5.906468
35.215491	5.009187
35.647061	4.034443
34.711649	4.212085
35.677259	3.245259
34.752061	2.292165
35.003843	1.299302
34.529112	0.738358
35.499914	-0.119827
34.697286	-0.345447
35.485270	-0.050344
35.278388	-1.049727
35.446443	-0.500863
36.123735	0.143390
35.830264	-0.107987
35.329423	0.801099
34.821861	0.083874
35.453652	-0.745835
34.910163	0.202614
34.508237	-0.466631
35.506177	-1.466334
34.643424	-2.415973
33.653762	-3.415345
32.861664	-3.791983
32.022212	-3.809431
31.034760	-3.898062
31.995229	-4.831480
31.871664	-3.837887
32.683900	-3.256695
32.130210	-2.309033
31.488673	-2.371212
30.760180	-2.207801
31.411076	-1.210307
32.097353	-1.344082
31.128856	-0.423341
31.775690	-0.733980
32.705670	-1.064886
32.112832	-0.834454
31.815578	-1.834212
32.803798	-2.797258
32.764379	-3.104437
32.947301	-4.075133
32.319131	-4.015093
33.256449	-3.016682
34.033853	-3.990155
33.069706	-2.990287
32.780818	-3.844099
32.601414	-4.247929
33.489920	-3.442299
34.342509	-4.107969
33.831877	-3.119735
34.334422	-2.132424
34.517105	-2.240253
34.444128	-1.773575
34.358176	-2.770329
34.569398	-2.723717
34.186597	-2.694853
34.471891	-3.573024
33.472378	-4.371969
34.376108	-3.719016
33.460755	-3.066441
32.820182	-2.073794
32.982901	-2.566211
33.494501	-1.614881
34.406824	-2.080092
35.270069	-1.504765
35.865195	-1.012122
35.427058	-1.450422
34.615022	-0.947854
35.614515	-1.706723
36.045846	-2.676945
36.731753	-2.623830
37.001873	-3.488837
37.526188	-2.518051
36.533335	-1.972963
36.081191	-1.463951
35.090221	-0.545396
34.480759	-1.501342
34.589025	-0.572073
35.588908	0.379220
36.348211	-0.112263
36.053063	0.885208
37.053062	1.569136
37.426371	0.984448
37.713373	1.923564
36.741345	1.769311
37.735722	2.637740
36.757278	1.651722
37.757255	0.926832
38.674484	0.814309
38.492083	-0.183925
37.694065	0.765965
38.634481	0.500567
39.450767	1.472268
40.053550	0.907211
39.202000	1.905316
39.642812	2.873669
38.651604	1.976658
38.171405	1.007713
37.288351	1.215964
38.113337	0.552420
37.179091	-0.096921
37.384396	-0.638798
36.870861	0.338468
35.899098	-0.653149
35.798394	0.345351
34.816203	1.199999
33.850624	1.042716
33.576857	1.812804
33.962963	2.174117
33.871775	2.757207
33.568520	3.278033
33.206649	4.262690
34.051161	5.027763
34.962088	5.896976
35.432586	5.041800
35.639438	6.033973
35.478332	6.437284
35.911019	7.082350
35.322870	6.104166
36.061260	6.770770
37.049351	6.247139
36.866663	6.652729
37.625647	6.746181
37.896418	6.297451
36.934289	6.654877
36.469916	7.489034
37.081031	7.601448
36.355916	7.942640
35.630050	8.869089
