0.000000	0.000000
0.359096	-0.781839
-0.640289	-0.893045
0.165959	-1.183557
-0.467318	-1.989841
-0.497398	-2.461093
-0.518082	-3.137237
-1.511819	-4.092820
-1.677529	-4.069007
-0.939600	-3.141770
-0.048191	-2.145285
-0.865245	-2.637671
-1.853452	-2.952845
-2.545613	-2.947010
-2.214067	-3.872708
-1.309978	-4.786453
-1.809807	-4.096123
-2.777521	-4.944192
-1.981745	-5.719885
-1.721085	-6.719263
-2.719834	-6.429681
-3.159689	-5.432180
-3.669091	-6.275472
-2.695072	-5.630515
-3.212294	-6.120744
-3.524141	-5.592236
-3.108647	-4.636127
-2.109529	-5.471373
-2.086268	-6.163408
-2.631262	-5.853898
-2.998823	-6.379023
-3.102347	-7.162216
-3.355551	-6.173608
-4.349225	-7.096790
-3.487378	-6.108194
-4.423541	-5.558558
-4.853955	-6.244657
-5.461245	-6.334075
-5.648823	-7.245444
-6.352310	-6.897941
-7.157828	-6.451167
-8.137508	-7.430073
-8.826816	-7.188536
-9.756790	-7.860806
-8.889147	-7.281433
-9.385027	-6.657273
-9.774423	-6.074158
-8.799792	-5.464233
-9.253988	-5.577177
-8.995509	-6.114643
-8.734229	-7.109865
-7.734334	-6.458562
-8.346119	-7.244155
-7.532103	-6.494850
-7.993400	-6.324938
-8.874740	-6.766279
-9.832291	-7.405927
-10.080984	-7.900938
-10.672394	-7.091608
-11.648418	-6.686009
-11.638591	-5.730502
-11.177605	-6.128931
-11.974405	-6.890649
-12.458237	-5.906333
-13.188032	-6.147511
-12.510227	-5.264439
-12.845013	-6.009430
-13.064095	-6.321089
-14.062103	-5.654100
-14.457818	-6.510475
-13.836914	-7.506843
-13.751522	-6.935219
-14.454302	-6.770143
-14.884277	-6.916111
-15.597174	-7.703713
-16.442231	-8.423467
-15.507916	-7.427079
-15.157940	-8.275650
-14.343955	-7.516131
-13.415355	-7.383565
-13.863458	-8.317831
-14.445619	-8.440785
-14.903777	-8.830673
-13.999112	-7.914668
-14.425166	-6.915224
-13.433578	-6.019515
-12.440605	-6.996429
-13.317449	-7.619673
-13.366888	-8.204602
-14.231513	-8.881958
-14.192427	-8.919681
-14.169242	-9.839349
-14.046799	-10.210950
-15.034971	-9.331964
-15.356639	-8.822872
-15.000523	-8.111019
-14.831804	-7.856571
-15.441279	-8.458131
-16.232626	-7.481196
-15.361132	-8.457602
-16.344644	-7.858521
-15.566088	-7.921704
-14.809783	-7.745730
-14.068696	-6.958006
-14.764191	-7.910858
-13.777437	-7.187810
-14.116599	-8.170538
-13.180362	-8.622333
-13.717350	-8.131551
-13.745635	-7.894457
-13.245565	-7.512054
-14.096644	-7.165262
-15.087529	-8.159999
-14.129659	-8.659191
-13.179745	-8.439741
-13.854273	-8.918879
-13.204570	-9.070331
-12.358857	-8.920445
-11.359166	-7.957153
-10.868166	-7.221558
-10.031750	-6.282286
-11.031582	-6.883233
-10.045026	-6.514755
-11.029594	-5.594749
-10.400461	-6.573973
-10.999319	-7.507496
-10.437491	-8.503510
-10.450022	-7.759480
-11.431655	-8.713676
-11.639184	-9.201668
-11.721675	-9.708304
-11.189357	-10.418501
-12.118303	-9.418502
-11.315804	-9.025312
-12.279514	-8.619165
-11.945883	-7.867677
-12.013772	-6.919013
-11.034839	-5.923639
-11.090370	-5.893924
-12.043771	-6.478923
-12.217366	-7.061780
-12.472705	-6.364875
-12.980760	-6.121671
-13.978448	-5.179241
-14.036583	-6.169312
-13.868566	-6.029024
-14.248976	-6.411542
-14.846386	-5.693269
-14.465311	-4.693269
-15.387452	-5.482533
-15.794460	-4.742294
-14.796218	-5.210375
-15.285802	-5.356187
-14.904784	-4.818937
-15.889326	-4.052409
-14.890991	-5.052408
-14.966059	-4.101893
-14.270284	-4.543856
-14.802802	-3.779974
-14.086312	-3.297562
-13.420733	-3.886659
-14.355692	-4.786108
-13.834423	-5.323950
-12.884308	-5.167221
-12.347261	-5.247162
-12.830026	-5.099942
-12.100658	-6.002762
-11.157690	-6.303804
-11.714756	-7.048805
-10.748723	-6.328740
-10.606053	-6.531015
-9.887081	-6.463048
-9.999070	-7.463048
-10.863990	-8.087006
-10.100770	-8.330759
-10.484280	-7.331090
-11.411563	-6.331569
-10.501158	-5.345090
-9.937495	-5.235965
-10.253968	-4.316882
-11.236091	-4.497683
-10.981627	-3.963087
-11.567791	-4.790307
-10.600951	-3.852187
-10.842424	-4.348747
-11.758238	-4.726198
-11.008620	-3.800931
-11.906854	-2.981906
-10.981977	-3.812886
-10.919308	-2.925060
-11.661384	-2.600182
-12.537065	-3.499558
-12.891044	-3.422217
-12.075477	-4.241773
-13.074967	-3.651256
-12.547525	-3.431764
-13.234484	-3.725654
-14.176323	-3.595047
-13.882370	-3.029596
-14.348237	-3.084046
-14.783369	-4.081501
-15.728577	-3.118569
-14.832705	-3.827250
-15.466602	-3.075647
-15.663013	-2.394527
-16.026763	-1.798562
-16.940500	-2.789907
-16.053447	-1.791508
-15.845887	-1.654724
-15.060049	-2.639073
-15.940262	-1.645244
-15.896138	-2.610908
-15.710094	-1.655158
-15.326402	-1.544162
-16.109467	-0.774440
-17.095770	-1.208861
-16.282497	-1.374950
-15.621218	-1.534896
-15.043192	-1.498963
-14.271853	-1.905454
-15.028027	-1.418454
-15.519446	-0.513293
-14.922000	-1.058976
-15.849752	-0.308096
-16.605227	-0.588577
-15.749710	-0.370413
-15.364482	-1.202251
-14.900272	-0.995435
-13.941968	-1.763961
-12.992589	-2.583728
-12.809485	-3.050154
-13.681442	-3.956223
-14.631185	-4.934063
-15.193790	-4.339996
-14.949435	-5.335738
-13.972994	-6.228887
-13.568586	-6.973252
-12.568963	-6.102542
-12.415562	-5.754959
-12.744559	-6.601996
-11.747057	-7.580234
-11.043535	-8.527962
-11.742111	-9.480991
-11.233925	-10.366309
-11.772564	-11.024321
-12.232024	-10.340515
-13.205018	-10.890045
-12.894187	-10.804692
-13.606448	-10.526928
-14.458634	-11.389113
-14.270614	-10.694312
-14.812829	-10.125157
-13.815379	-10.979967
-13.906579	-9.983374
-13.122877	-9.569626
-12.234886	-9.005400
-12.019037	-9.312947
-11.220866	-10.149503
-11.802167	-11.143073
-12.797542	-11.194555
-13.536580	-12.034509
-12.772679	-11.549627
-12.780882	-12.075098
-11.950880	-11.357104
-12.622254	-11.398129
-12.355823	-11.918184
-11.608722	-12.664665
-10.610436	-13.274353
-11.593843	-14.263141
-10.920860	-15.016146
-10.375803	-14.049858
-10.494208	-13.336682
-9.952045	-14.057908
-9.739491	-14.987512
-10.377649	-15.980560
-10.057435	-16.119645
-10.955422	-16.636677
-10.021904	-15.735110
-9.565324	-14.916851
-9.911505	-13.981161
-10.452301	-14.564786
-10.267050	-14.833740
-10.162390	-15.825589
-11.089803	-14.866570
-12.089558	-15.300817
-11.180968	-16.126955
-10.993280	-16.979697
-10.009116	-17.354516
-10.262317	-16.355164
-10.269057	-17.167467
-9.280886	-17.481289
-9.971431	-17.778393
-10.946411	-18.701177
-10.265448	-17.732261
-9.731869	-18.117604
-10.725758	-18.109047
-11.699968	-17.111913
-10.734549	-16.119438
-9.755181	-16.000115
-10.741678	-16.180488
-9.795504	-15.917251
-9.390290	-16.785863
-8.661907	-15.814291
-8.528109	-15.283130
-9.490534	-15.410245
-8.564912	-14.994315
-7.663024	-15.925144
-6.671117	-16.145825
-7.389256	-16.958674
-6.934147	-15.979990
-7.784865	-15.044760
-7.998604	-15.748788
-8.904370	-16.747619
-8.118683	-17.345697
-8.047485	-18.084650
-7.367069	-17.117833
-6.522555	-16.198831
-5.809352	-15.230121
-6.795566	-15.843126
-7.520397	-15.951671
-8.381990	-16.863669
-9.240866	-16.778053
-9.939871	-16.160968
-8.949213	-17.160959
-8.905964	-17.981016
-7.926399	-18.808205
-7.362070	-19.722144
-8.343496	-20.709050
-9.275983	-21.466908
-9.736956	-22.371311
-9.857405	-22.105313
-8.874009	-21.331453
-8.738413	-20.771559
-9.645256	-19.816892
-8.647407	-18.886650
-8.839698	-18.323662
-8.141841	-19.264998
-7.366612	-18.265296
-6.520174	-18.785360
-5.520375	-17.916685
-5.458056	-18.137418
-4.461131	-18.649204
-5.058708	-18.763551
-5.702368	-18.231721
-5.140887	-18.450126
-5.021232	-17.992403
-5.903839	-18.990448
-5.694939	-18.052248
-5.187924	-17.253457
-6.186616	-18.146776
-7.150444	-19.136662
-7.018947	-18.632329
-7.998639	-17.946894
-8.523881	-18.298847
-7.545491	-19.139095
-6.776073	-20.102697
-7.490372	-20.799767
-7.753854	-19.808825
-8.545863	-18.986263
-9.186600	-19.298853
-9.561896	-18.570852
-8.574276	-19.565376
-7.890546	-20.563975
-6.993653	-21.523295
-6.227813	-21.035772
-7.211674	-21.859660
-6.852950	-22.858507
-5.948040	-23.701066
-5.228440	-24.694646
-5.020837	-25.225236
-5.794352	-24.605187
-6.079025	-24.516556
-5.084273	-23.989363
-5.305864	-23.301020
-5.256283	-24.095957
-4.352079	-23.675165
-4.189298	-24.238815
-3.865617	-25.032213
-4.384771	-26.023970
-4.974041	-27.012351
-4.378664	-27.701806
-5.279124	-26.857840
-5.933012	-26.847497
-4.933015	-26.937887
-4.809616	-25.960221
-5.701735	-26.649617
-6.143048	-25.923025
-6.803481	-24.985228
-7.770369	-25.462852
-8.164054	-24.509806
-9.076753	-25.172849
-9.752497	-24.338840
-10.744560	-23.460877
-9.747006	-22.547699
-8.937620	-21.700547
-7.973104	-21.399899
-7.773901	-20.742649
-8.539217	-21.534147
-7.792383	-20.888490
-8.472596	-20.229425
-9.264320	-21.190682
-9.354764	-21.631550
-8.466929	-20.905912
-8.365106	-20.687561
-8.623044	-21.172800
-8.535624	-21.949212
-9.511904	-21.211615
-9.212097	-20.874059
-9.536425	-19.943351
-9.461033	-18.987246
-10.443833	-18.045381
-10.451816	-19.045271
-11.324085	-19.815702
-12.124543	-19.600857
-11.140279	-19.779893
-12.016399	-20.521057
-11.917298	-19.604926
-12.846615	-20.533992
-13.235560	-21.496080
-12.671711	-21.634236
-12.900075	-22.123729
-12.383160	-21.123803
-11.433297	-20.887311
-11.759384	-20.090200
-11.624101	-20.344088
-12.563161	-21.342836
-12.649015	-22.279121
-13.648394	-21.368089
-14.593661	-20.740871
-14.386685	-20.586736
-13.508131	-19.829368
-12.730590	-20.656263
-13.162669	-21.527781
-14.138932	-20.778959
-15.111150	-21.707355
-15.664112	-20.814282
-16.442585	-19.910230
-17.330122	-20.749840
-17.128626	-21.739104
-16.131367	-21.406952
-16.241181	-21.819253
-15.956626	-21.795179
-16.662654	-22.763269
-17.096802	-23.663068
-16.684779	-23.051869
-16.977179	-23.655585
-17.956907	-23.095896
-18.007806	-22.298902
-17.113661	-21.312880
-18.110773	-21.538918
-17.133441	-22.327723
-17.369840	-22.776361
-16.394007	-22.022898
-16.285231	-21.023049
-15.635940	-20.023659
-15.951622	-19.294776
-15.571383	-19.867412
-14.904489	-18.945136
-15.664299	-18.667877
-14.665791	-18.243433
-15.595698	-17.304526
-16.061283	-17.130480
-16.301563	-16.710546
-15.845508	-17.686088
-16.410785	-18.608105
-16.845419	-17.682227
-17.810670	-17.472815
-17.057620	-17.938748
-16.572493	-17.261738
-16.091228	-17.062927
-16.742128	-17.242864
-16.216065	-16.352190
-17.125533	-15.393036
-17.771247	-15.117661
-17.765386	-14.390472
-18.752714	-13.462736
-19.199224	-14.410410
-19.728234	-13.761983
-19.040545	-13.845760
-18.575316	-12.868091
-18.266771	-12.833835
-19.251373	-13.832621
-20.235800	-13.316432
-20.657592	-14.262539
-21.637400	-13.456447
-21.766691	-14.070140
-22.203776	-14.701742
-21.298215	-14.065479
-20.911730	-13.647934
-20.345298	-14.029007
-20.025196	-14.752783
-20.016735	-14.616187
-20.922925	-15.137997
-20.257356	-14.189295
-19.451009	-13.947357
-20.444970	-12.997866
-21.422980	-12.716057
-20.459186	-12.338821
-21.426415	-11.577428
-21.369434	-11.632820
-22.366839	-11.560242
-21.612500	-10.631687
-22.339907	-10.906172
-22.644347	-11.311848
-23.403493	-11.023194
-24.403135	-10.095631
-23.533552	-11.095464
-24.030417	-11.175207
-24.567751	-11.381978
-24.176935	-11.019732
-25.076233	-10.147711
-25.127702	-9.532436
-25.843075	-10.508676
-25.345110	-11.366158
-24.742286	-11.813900
-24.276060	-12.653106
-25.135368	-13.626514
-24.557981	-14.588215
-25.045446	-13.789670
-25.686118	-13.444126
-26.492934	-14.194522
-26.462799	-15.106669
-27.200973	-15.629460
-26.865152	-15.889522
-27.807289	-15.830515
-28.613094	-15.719954
-29.153165	-14.945696
-28.437711	-15.925138
-27.544712	-14.956790
-28.488355	-14.515595
-28.277971	-13.835090
-28.395743	-14.567563
-27.565479	-15.044775
-28.456507	-16.041412
-28.604406	-17.016388
-28.183131	-16.131067
-28.767806	-15.737314
-27.769685	-14.744030
-26.780238	-13.783298
-26.633640	-13.315092
-26.413334	-14.025378
-27.343302	-14.366767
-27.238842	-14.753467
-27.383609	-15.688594
-26.778963	-16.574384
-26.684354	-16.150839
-26.421625	-16.127546
-26.728106	-15.180013
-25.838441	-14.470991
-24.920286	-15.418405
-24.072238	-16.084192
-23.382270	-16.462355
-22.434248	-15.697602
-21.951518	-16.149818
-22.507454	-15.800690
-23.083831	-16.159843
-23.495469	-17.131698
-22.740870	-16.817511
-23.333941	-16.165856
-22.703766	-15.206648
-22.478553	-15.760537
-22.628730	-15.287257
-23.448193	-15.447311
-23.615053	-15.311591
-22.805475	-16.282988
-22.993942	-16.214184
-23.463502	-15.672999
-24.361027	-16.360591
-25.316714	-15.787432
-26.275266	-16.418163
-27.243253	-17.037256
-28.194007	-16.258406
-28.610670	-16.648395
-29.450822	-16.444733
-28.498228	-17.438847
-28.416809	-16.579245
-29.057637	-16.648429
-29.914584	-16.386619
-30.910401	-15.455686
-31.902123	-15.966264
-31.084537	-16.916015
-31.907201	-17.908237
-31.656419	-17.035205
-32.429044	-18.034178
-33.329043	-18.422593
-33.923967	-18.226556
-33.440773	-17.646750
-32.978417	-17.721209
-33.502540	-18.716927
-34.463699	-19.368735
-35.463572	-20.349174
-35.290784	-19.591819
-35.554966	-18.836817
-35.123022	-19.821395
-35.586417	-20.771292
-36.239544	-21.762624
-37.239544	-22.014263
-38.206811	-22.982424
-37.515151	-23.400443
-38.493660	-24.351933
-37.818913	-23.688101
-37.934097	-24.635472
-37.709651	-25.196884
-37.460942	-25.898784
-37.943446	-26.898384
-38.941128	-26.030306
-39.915610	-25.035873
-40.248884	-25.916434
-40.930591	-25.809765
-41.714660	-24.866638
-41.302557	-25.054996
-40.411283	-25.966325
-39.508184	-26.631118
-40.287443	-26.275899
-41.243967	-27.049819
-41.193595	-26.540649
-40.206221	-26.475648
-39.448316	-25.549020
-40.237610	-24.652681
-39.319410	-24.257608
-38.435965	-24.590330
-38.322876	-25.245213
-37.892640	-25.469726
-38.827470	-25.169110
-37.834610	-24.867307
-37.801072	-23.913517
-36.807920	-24.789081
-36.062402	-25.110067
-37.005362	-24.123484
-36.006024	-24.166902
-35.345880	-25.163140
-36.183626	-24.526057
-36.205351	-24.658712
-36.505888	-25.461160
-35.947534	-24.704455
-36.178688	-25.175754
-35.310407	-25.515452
-36.285586	-26.512692
-37.278377	-26.651989
-36.907779	-26.651407
-35.921663	-26.990647
-36.222694	-26.710521
-36.065266	-27.220824
-35.066184	-26.237214
-34.422321	-26.243679
-34.199477	-26.265153
-34.119255	-26.960147
-33.334958	-26.858290
-32.714492	-26.296699
-33.226376	-26.373558
-33.110406	-25.676962
-32.267265	-26.596915
-32.705433	-26.259253
-33.593740	-27.204186
-34.478795	-27.859043
-34.805509	-27.546991
-35.738599	-27.519943
-36.738040	-26.655106
-37.583917	-26.578909
-38.525104	-26.275115
-39.521683	-27.267931
-40.467678	-26.267934
-41.243711	-26.600558
-41.343153	-26.817828
-40.376053	-27.241749
-41.365976	-28.231826
-41.720481	-27.818945
-42.576216	-28.547317
-41.858339	-29.399936
-42.770838	-28.449626
-43.724087	-29.445701
-43.724875	-29.384837
-43.786407	-28.385423
-44.340166	-27.508329
-44.450427	-28.104924
-44.259265	-27.123534
-44.755549	-26.133013
-45.736470	-25.772293
-45.536544	-26.767684
-46.368564	-27.766120
-46.877385	-27.099148
-47.858057	-27.269739
-48.812047	-27.944584
-49.611438	-27.495691
-49.801216	-27.274467
-49.949627	-26.395889
-49.815584	-26.246698
-49.392345	-26.319512
-49.575273	-26.468807
-49.032365	-26.178594
-49.914981	-26.872026
-50.383551	-26.339073
-49.795668	-25.563592
-49.198737	-26.301336
-48.487377	-27.300004
-49.186223	-27.554783
-48.558578	-28.392966
-49.554866	-27.838475
-49.718035	-27.171080
-49.223309	-26.823643
-48.644701	-27.183913
-49.397797	-27.647973
-48.421640	-28.608745
-49.338883	-29.608138
-49.756552	-28.621588
-49.499854	-29.619877
-48.697969	-30.299519
-48.215416	-31.299448
-47.225228	-31.435130
-47.954876	-32.031654
-48.141491	-33.031438
-49.069582	-33.502777
-49.896243	-33.793855
-48.900938	-32.886458
-47.994216	-33.799312
-47.915387	-32.815768
-48.625131	-32.116878
-48.008668	-31.583277
-47.535555	-32.059944
-47.031741	-31.998041
-46.417787	-31.289371
-46.297617	-32.289156
-46.333518	-31.915352
-47.333480	-30.930819
-46.363831	-31.608201
-45.917148	-32.606444
-46.579087	-33.270476
-47.101859	-32.278373
-48.010472	-31.379303
-48.963415	-32.141174
-48.321447	-31.215093
-47.689139	-31.307035
-48.066494	-31.286751
-47.175280	-32.057337
-48.044514	-31.516016
-48.632927	-31.133432
-49.609774	-31.620416
-49.246403	-32.604314
-49.874462	-33.539117
-48.874468	-34.447226
-49.768958	-33.554142
-50.700283	-32.587725
-50.443629	-33.572041
-51.370184	-32.801053
-50.562447	-32.878629
-49.562548	-31.880844
-49.866894	-32.664459
-49.841393	-32.742068
-49.204379	-33.644559
-48.628769	-33.289449
-48.502378	-32.342874
